#BS38MS1368BP0
MS[0] 81 73
MS[1] 27 63
MS[2] 24 66
MS[3] 8 103
MS[4] 14 83
MS[5] 93 106
MS[6] 90 64
MS[7] 79 45
MS[8] 86 2
MS[9] 146 60
MS[10] 101 55
MS[11] 60 32
MS[12] 30 87
MS[13] 148 85
MS[14] 81 22
MS[15] 27 50
MS[16] 40 94
MS[17] 50 73
MS[18] 40 25
MS[19] 72 24
MS[20] 50 120
MS[21] 84 2
MS[22] 86 107
MS[23] 133 84
MS[24] 107 36
MS[25] 32 82
MS[26] 57 62
MS[27] 94 31
MS[28] 86 46
MS[29] 2 72
MS[30] 48 79
MS[31] 66 37
MS[32] 37 49
MS[33] 68 78
MS[34] 22 100
MS[35] 11 55
MS[36] 84 69
MS[37] 86 111
MS[38] 76 13
MS[39] 77 64
MS[40] 59 79
MS[41] 8 53
MS[42] 47 45
MS[43] 79 72
MS[44] 50 110
MS[45] 22 101
MS[46] 76 9
MS[47] 72 12
MS[48] 13 64
MS[49] 74 124
MS[50] 14 51
MS[51] 53 37
MS[52] 55 31
MS[53] 43 16
MS[54] 119 3
MS[55] 138 30
MS[56] 37 104
MS[57] 131 37
MS[58] 134 53
MS[59] 50 78
MS[60] 54 37
MS[61] 72 67
MS[62] 20 24
MS[63] 123 75
MS[64] 55 19
MS[65] 105 0
MS[66] 4 105
MS[67] 135 39
MS[68] 51 67
MS[69] 52 32
MS[70] 6 89
MS[71] 137 56
MS[72] 17 93
MS[73] 145 89
MS[74] 42 51
MS[75] 8 97
MS[76] 122 15
MS[77] 141 56
MS[78] 2 104
MS[79] 83 53
MS[80] 21 38
MS[81] 137 80
MS[82] 38 46
MS[83] 67 34
MS[84] 62 43
MS[85] 67 122
MS[86] 42 40
MS[87] 137 42
MS[88] 100 30
MS[89] 0 70
MS[90] 74 3
MS[91] 24 60
MS[92] 108 98
MS[93] 98 96
MS[94] 122 66
MS[95] 127 92
MS[96] 100 66
MS[97] 7 88
MS[98] 40 46
MS[99] 76 33
MS[100] 112 1
MS[101] 113 47
MS[102] 85 61
MS[103] 81 119
MS[104] 11 32
MS[105] 20 81
MS[106] 71 59
MS[107] 126 104
MS[108] 8 76
MS[109] 57 121
MS[110] 123 44
MS[111] 84 18
MS[112] 59 76
MS[113] 45 47
MS[114] 84 12
MS[115] 99 105
MS[116] 87 66
MS[117] 80 115
MS[118] 21 84
MS[119] 70 61
MS[120] 137 62
MS[121] 101 13
MS[122] 107 35
MS[123] 59 58
MS[124] 69 36
MS[125] 10 95
MS[126] 11 97
MS[127] 12 91
MS[128] 26 35
MS[129] 16 35
MS[130] 93 117
MS[131] 55 80
MS[132] 119 16
MS[133] 127 20
MS[134] 117 17
MS[135] 24 67
MS[136] 59 86
MS[137] 13 70
MS[138] 34 25
MS[139] 86 8
MS[140] 43 18
MS[141] 24 92
MS[142] 121 79
MS[143] 147 77
MS[144] 98 91
MS[145] 44 24
MS[146] 61 103
MS[147] 76 46
MS[148] 97 65
MS[149] 132 86
MS[150] 73 57
MS[151] 90 116
MS[152] 127 16
MS[153] 110 0
MS[154] 142 93
MS[155] 14 19
MS[156] 119 14
MS[157] 90 73
MS[158] 49 95
MS[159] 51 102
MS[160] 137 50
MS[161] 17 21
MS[162] 11 107
MS[163] 110 2
MS[164] 21 55
MS[165] 92 34
MS[166] 121 32
MS[167] 36 59
MS[168] 63 72
MS[169] 93 26
MS[170] 125 73
MS[171] 5 38
MS[172] 82 1
MS[173] 62 40
MS[174] 144 74
MS[175] 89 94
MS[176] 104 60
MS[177] 28 114
MS[178] 50 116
MS[179] 54 40
MS[180] 23 104
MS[181] 22 51
MS[182] 79 80
MS[183] 133 53
MS[184] 127 101
MS[185] 11 31
MS[186] 125 74
MS[187] 90 61
MS[188] 120 67
MS[189] 47 76
MS[190] 108 58
MS[191] 72 33
MS[192] 136 92
MS[193] 104 59
MS[194] 83 111
MS[195] 88 113
MS[196] 144 84
MS[197] 50 22
MS[198] 9 61
MS[199] 77 1
MS[200] 121 71
MS[201] 25 79
MS[202] 14 45
MS[203] 146 53
MS[204] 137 72
MS[205] 31 69
MS[206] 48 65
MS[207] 118 57
MS[208] 127 89
MS[209] 129 2
MS[210] 54 85
MS[211] 56 102
MS[212] 138 43
MS[213] 76 71
MS[214] 89 110
MS[215] 139 96
MS[216] 83 21
MS[217] 16 57
MS[218] 76 105
MS[219] 21 53
MS[220] 97 52
MS[221] 63 56
MS[222] 105 105
MS[223] 3 90
MS[224] 28 71
MS[225] 45 78
MS[226] 78 84
MS[227] 42 56
MS[228] 12 38
MS[229] 4 81
MS[230] 103 102
MS[231] 1 70
MS[232] 96 116
MS[233] 126 103
MS[234] 71 31
MS[235] 102 92
MS[236] 119 75
MS[237] 113 0
MS[238] 133 89
MS[239] 28 86
MS[240] 58 91
MS[241] 47 35
MS[242] 45 21
MS[243] 22 71
MS[244] 135 105
MS[245] 120 5
MS[246] 17 104
MS[247] 117 44
MS[248] 59 92
MS[249] 126 54
MS[250] 23 34
MS[251] 69 41
MS[252] 143 38
MS[253] 83 68
MS[254] 11 68
MS[255] 126 40
MS[256] 2 46
MS[257] 113 58
MS[258] 17 79
MS[259] 21 21
MS[260] 33 96
MS[261] 68 79
MS[262] 26 107
MS[263] 49 51
MS[264] 22 106
MS[265] 25 37
MS[266] 14 94
MS[267] 116 59
MS[268] 124 39
MS[269] 133 59
MS[270] 135 91
MS[271] 140 105
MS[272] 69 40
MS[273] 52 10
MS[274] 36 104
MS[275] 40 58
MS[276] 60 117
MS[277] 2 70
MS[278] 49 39
MS[279] 63 92
MS[280] 106 64
MS[281] 15 96
MS[282] 81 82
MS[283] 77 50
MS[284] 26 113
MS[285] 89 114
MS[286] 34 55
MS[287] 32 98
MS[288] 84 5
MS[289] 108 16
MS[290] 36 91
MS[291] 8 89
MS[292] 65 16
MS[293] 130 29
MS[294] 49 67
MS[295] 84 81
MS[296] 108 1
MS[297] 41 48
MS[298] 65 79
MS[299] 56 75
MS[300] 140 31
MS[301] 91 34
MS[302] 48 115
MS[303] 72 65
MS[304] 118 6
MS[305] 130 85
MS[306] 10 82
MS[307] 135 27
MS[308] 133 8
MS[309] 57 123
MS[310] 39 26
MS[311] 148 53
MS[312] 124 70
MS[313] 2 73
MS[314] 119 11
MS[315] 98 102
MS[316] 142 46
MS[317] 1 26
MS[318] 133 97
MS[319] 69 68
MS[320] 43 51
MS[321] 8 52
MS[322] 35 85
MS[323] 123 56
MS[324] 148 71
MS[325] 60 69
MS[326] 77 37
MS[327] 71 22
MS[328] 108 61
MS[329] 12 110
MS[330] 139 48
MS[331] 109 3
MS[332] 58 29
MS[333] 2 69
MS[334] 12 62
MS[335] 23 100
MS[336] 6 48
MS[337] 119 67
MS[338] 6 49
MS[339] 11 78
MS[340] 71 119
MS[341] 85 46
MS[342] 7 24
MS[343] 139 105
MS[344] 120 39
MS[345] 139 70
MS[346] 95 107
MS[347] 19 102
MS[348] 59 30
MS[349] 51 123
MS[350] 55 104
MS[351] 72 42
MS[352] 0 94
MS[353] 55 60
MS[354] 80 9
MS[355] 92 102
MS[356] 100 43
MS[357] 130 90
MS[358] 16 76
MS[359] 80 8
MS[360] 41 70
MS[361] 66 77
MS[362] 28 94
MS[363] 131 10
MS[364] 5 74
MS[365] 19 93
MS[366] 71 47
MS[367] 108 95
MS[368] 65 51
MS[369] 16 102
MS[370] 12 21
MS[371] 1 86
MS[372] 18 62
MS[373] 40 24
MS[374] 136 54
MS[375] 32 57
MS[376] 79 19
MS[377] 23 89
MS[378] 140 33
MS[379] 144 55
MS[380] 35 107
MS[381] 79 36
MS[382] 66 102
MS[383] 123 8
MS[384] 62 60
MS[385] 69 112
MS[386] 40 64
MS[387] 134 22
MS[388] 135 60
MS[389] 111 2
MS[390] 87 45
MS[391] 7 44
MS[392] 53 18
MS[393] 131 85
MS[394] 28 47
MS[395] 90 53
MS[396] 55 118
MS[397] 65 19
MS[398] 78 105
MS[399] 23 116
MS[400] 75 113
MS[401] 60 129
MS[402] 131 41
MS[403] 116 61
MS[404] 140 56
MS[405] 17 97
MS[406] 25 82
MS[407] 118 0
MS[408] 77 68
MS[409] 107 96
MS[410] 75 89
MS[411] 107 106
MS[412] 15 69
MS[413] 85 49
MS[414] 13 52
MS[415] 10 29
MS[416] 3 35
MS[417] 49 41
MS[418] 146 59
MS[419] 58 114
MS[420] 65 89
MS[421] 17 22
MS[422] 98 32
MS[423] 91 33
MS[424] 133 104
MS[425] 85 39
MS[426] 20 57
MS[427] 4 39
MS[428] 8 106
MS[429] 113 4
MS[430] 137 25
MS[431] 54 65
MS[432] 20 26
MS[433] 84 22
MS[434] 27 46
MS[435] 137 108
MS[436] 7 100
MS[437] 39 15
MS[438] 58 124
MS[439] 59 46
MS[440] 13 89
MS[441] 116 77
MS[442] 97 102
MS[443] 100 50
MS[444] 69 60
MS[445] 50 108
MS[446] 18 109
MS[447] 111 57
MS[448] 26 70
MS[449] 44 22
MS[450] 38 97
MS[451] 116 0
MS[452] 68 42
MS[453] 60 18
MS[454] 126 82
MS[455] 7 103
MS[456] 82 103
MS[457] 82 33
MS[458] 0 87
MS[459] 57 68
MS[460] 129 104
MS[461] 20 91
MS[462] 52 1
MS[463] 16 23
MS[464] 88 58
MS[465] 63 5
MS[466] 101 91
MS[467] 73 0
MS[468] 58 37
MS[469] 20 67
MS[470] 56 113
MS[471] 120 11
MS[472] 147 80
MS[473] 145 65
MS[474] 6 84
MS[475] 124 79
MS[476] 134 37
MS[477] 136 85
MS[478] 30 59
MS[479] 137 89
MS[480] 60 19
MS[481] 91 116
MS[482] 79 82
MS[483] 84 49
MS[484] 95 91
MS[485] 110 3
MS[486] 134 61
MS[487] 23 22
MS[488] 147 106
MS[489] 133 36
MS[490] 8 59
MS[491] 53 1
MS[492] 149 54
MS[493] 51 73
MS[494] 134 41
MS[495] 49 92
MS[496] 127 32
MS[497] 55 30
MS[498] 77 84
MS[499] 138 57
MS[500] 52 103
MS[501] 18 100
MS[502] 75 2
MS[503] 58 59
MS[504] 43 17
MS[505] 145 92
MS[506] 149 45
MS[507] 19 85
MS[508] 27 96
MS[509] 20 68
MS[510] 13 21
MS[511] 93 31
MS[512] 23 78
MS[513] 2 98
MS[514] 80 112
MS[515] 59 26
MS[516] 129 106
MS[517] 125 11
MS[518] 56 50
MS[519] 106 52
MS[520] 25 74
MS[521] 41 38
MS[522] 147 36
MS[523] 121 20
MS[524] 114 25
MS[525] 123 18
MS[526] 61 12
MS[527] 56 92
MS[528] 1 40
MS[529] 144 61
MS[530] 88 38
MS[531] 104 113
MS[532] 60 93
MS[533] 80 104
MS[534] 142 41
MS[535] 129 96
MS[536] 58 5
MS[537] 70 62
MS[538] 9 92
MS[539] 134 10
MS[540] 86 39
MS[541] 75 48
MS[542] 34 57
MS[543] 2 31
MS[544] 40 49
MS[545] 116 32
MS[546] 142 61
MS[547] 59 120
MS[548] 126 31
MS[549] 11 64
MS[550] 112 13
MS[551] 69 72
MS[552] 57 124
MS[553] 5 97
MS[554] 75 122
MS[555] 31 67
MS[556] 85 40
MS[557] 10 66
MS[558] 143 80
MS[559] 70 79
MS[560] 145 71
MS[561] 40 52
MS[562] 45 98
MS[563] 51 120
MS[564] 122 82
MS[565] 89 57
MS[566] 24 29
MS[567] 14 100
MS[568] 48 8
MS[569] 130 20
MS[570] 139 61
MS[571] 67 89
MS[572] 30 62
MS[573] 11 70
MS[574] 16 108
MS[575] 70 67
MS[576] 131 42
MS[577] 51 70
MS[578] 1 76
MS[579] 100 105
MS[580] 13 98
MS[581] 38 96
MS[582] 141 52
MS[583] 46 92
MS[584] 61 79
MS[585] 14 102
MS[586] 140 82
MS[587] 42 20
MS[588] 84 96
MS[589] 69 9
MS[590] 114 71
MS[591] 19 55
MS[592] 125 62
MS[593] 4 70
MS[594] 3 71
MS[595] 66 101
MS[596] 72 59
MS[597] 24 53
MS[598] 36 84
MS[599] 94 55
MS[600] 32 97
MS[601] 67 7
MS[602] 9 25
MS[603] 81 66
MS[604] 137 20
MS[605] 130 42
MS[606] 137 46
MS[607] 143 59
MS[608] 15 35
MS[609] 18 106
MS[610] 26 95
MS[611] 4 24
MS[612] 21 86
MS[613] 39 52
MS[614] 21 26
MS[615] 98 67
MS[616] 138 105
MS[617] 39 96
MS[618] 74 57
MS[619] 104 64
MS[620] 71 17
MS[621] 93 116
MS[622] 21 114
MS[623] 104 14
MS[624] 133 27
MS[625] 45 74
MS[626] 79 67
MS[627] 2 28
MS[628] 69 6
MS[629] 138 51
MS[630] 6 100
MS[631] 18 73
MS[632] 38 53
MS[633] 127 81
MS[634] 11 88
MS[635] 22 47
MS[636] 107 51
MS[637] 5 57
MS[638] 25 54
MS[639] 2 43
MS[640] 60 26
MS[641] 80 44
MS[642] 113 21
MS[643] 82 43
MS[644] 44 69
MS[645] 22 69
MS[646] 123 76
MS[647] 117 12
MS[648] 17 102
MS[649] 87 70
MS[650] 89 91
MS[651] 68 53
MS[652] 112 52
MS[653] 148 58
MS[654] 122 20
MS[655] 149 44
MS[656] 52 116
MS[657] 57 85
MS[658] 11 44
MS[659] 133 82
MS[660] 73 61
MS[661] 65 84
MS[662] 62 5
MS[663] 85 108
MS[664] 149 57
MS[665] 54 30
MS[666] 74 8
MS[667] 94 59
MS[668] 83 116
MS[669] 65 20
MS[670] 53 11
MS[671] 97 53
MS[672] 14 53
MS[673] 121 58
MS[674] 92 49
MS[675] 67 22
MS[676] 102 48
MS[677] 4 60
MS[678] 133 48
MS[679] 136 75
MS[680] 30 73
MS[681] 43 92
MS[682] 14 90
MS[683] 35 18
MS[684] 0 31
MS[685] 140 35
MS[686] 79 6
MS[687] 123 41
MS[688] 130 15
MS[689] 47 11
MS[690] 7 58
MS[691] 99 25
MS[692] 50 87
MS[693] 27 99
MS[694] 37 80
MS[695] 131 27
MS[696] 115 60
MS[697] 138 27
MS[698] 43 87
MS[699] 38 33
MS[700] 3 34
MS[701] 67 105
MS[702] 72 51
MS[703] 81 109
MS[704] 33 62
MS[705] 122 25
MS[706] 19 88
MS[707] 56 60
MS[708] 147 55
MS[709] 21 56
MS[710] 3 88
MS[711] 11 26
MS[712] 129 52
MS[713] 94 12
MS[714] 59 104
MS[715] 74 90
MS[716] 122 17
MS[717] 125 34
MS[718] 7 20
MS[719] 59 23
MS[720] 55 122
MS[721] 64 16
MS[722] 128 81
MS[723] 147 73
MS[724] 56 90
MS[725] 83 103
MS[726] 43 55
MS[727] 22 74
MS[728] 11 83
MS[729] 133 26
MS[730] 89 59
MS[731] 80 79
MS[732] 53 82
MS[733] 57 28
MS[734] 96 58
MS[735] 83 118
MS[736] 132 33
MS[737] 71 108
MS[738] 60 92
MS[739] 21 82
MS[740] 109 43
MS[741] 86 68
MS[742] 123 31
MS[743] 60 60
MS[744] 46 45
MS[745] 131 46
MS[746] 52 63
MS[747] 114 49
MS[748] 18 102
MS[749] 134 81
MS[750] 130 96
MS[751] 141 79
MS[752] 43 71
MS[753] 19 84
MS[754] 132 85
MS[755] 36 106
MS[756] 78 48
MS[757] 84 97
MS[758] 92 120
MS[759] 118 71
MS[760] 53 12
MS[761] 143 63
MS[762] 148 60
MS[763] 146 63
MS[764] 47 41
MS[765] 107 64
MS[766] 69 39
MS[767] 46 49
MS[768] 139 33
MS[769] 147 81
MS[770] 3 77
MS[771] 51 11
MS[772] 126 72
MS[773] 7 83
MS[774] 84 55
MS[775] 105 94
MS[776] 120 76
MS[777] 35 68
MS[778] 126 24
MS[779] 102 114
MS[780] 27 67
MS[781] 99 4
MS[782] 30 76
MS[783] 3 89
MS[784] 67 10
MS[785] 142 89
MS[786] 87 27
MS[787] 60 115
MS[788] 51 63
MS[789] 140 58
MS[790] 148 50
MS[791] 106 112
MS[792] 38 15
MS[793] 76 100
MS[794] 27 79
MS[795] 86 79
MS[796] 44 68
MS[797] 126 32
MS[798] 80 50
MS[799] 2 106
MS[800] 130 108
MS[801] 6 73
MS[802] 54 106
MS[803] 27 61
MS[804] 66 71
MS[805] 59 59
MS[806] 120 14
MS[807] 103 2
MS[808] 86 51
MS[809] 98 99
MS[810] 62 4
MS[811] 99 94
MS[812] 83 8
MS[813] 50 15
MS[814] 42 73
MS[815] 75 55
MS[816] 129 57
MS[817] 24 74
MS[818] 103 12
MS[819] 27 106
MS[820] 76 102
MS[821] 12 71
MS[822] 54 115
MS[823] 86 96
MS[824] 38 18
MS[825] 125 15
MS[826] 137 104
MS[827] 73 63
MS[828] 75 108
MS[829] 11 103
MS[830] 142 78
MS[831] 112 5
MS[832] 15 60
MS[833] 127 34
MS[834] 79 121
MS[835] 131 60
MS[836] 52 90
MS[837] 105 115
MS[838] 95 58
MS[839] 4 95
MS[840] 75 78
MS[841] 25 114
MS[842] 89 103
MS[843] 118 70
MS[844] 66 32
MS[845] 122 95
MS[846] 37 16
MS[847] 126 1
MS[848] 129 51
MS[849] 80 114
MS[850] 106 97
MS[851] 138 85
MS[852] 53 102
MS[853] 137 44
MS[854] 56 7
MS[855] 16 24
MS[856] 44 64
MS[857] 50 81
MS[858] 147 95
MS[859] 61 77
MS[860] 59 6
MS[861] 99 67
MS[862] 111 56
MS[863] 81 0
MS[864] 3 39
MS[865] 59 19
MS[866] 65 77
MS[867] 90 47
MS[868] 72 55
MS[869] 52 118
MS[870] 100 112
MS[871] 29 78
MS[872] 40 32
MS[873] 108 53
MS[874] 141 39
MS[875] 78 112
MS[876] 0 80
MS[877] 48 34
MS[878] 54 117
MS[879] 78 117
MS[880] 59 117
MS[881] 31 95
MS[882] 76 55
MS[883] 135 26
MS[884] 28 98
MS[885] 127 39
MS[886] 51 117
MS[887] 6 63
MS[888] 89 65
MS[889] 31 106
MS[890] 104 13
MS[891] 39 37
MS[892] 23 88
MS[893] 46 94
MS[894] 27 90
MS[895] 96 55
MS[896] 100 16
MS[897] 54 111
MS[898] 107 112
MS[899] 76 98
MS[900] 79 107
MS[901] 123 33
MS[902] 60 48
MS[903] 121 19
MS[904] 107 59
MS[905] 132 48
MS[906] 80 82
MS[907] 124 20
MS[908] 35 27
MS[909] 81 114
MS[910] 37 89
MS[911] 50 59
MS[912] 137 76
MS[913] 144 48
MS[914] 124 18
MS[915] 119 24
MS[916] 100 45
MS[917] 76 68
MS[918] 46 59
MS[919] 33 83
MS[920] 109 107
MS[921] 14 46
MS[922] 39 16
MS[923] 143 82
MS[924] 38 93
MS[925] 2 38
MS[926] 69 52
MS[927] 29 65
MS[928] 133 43
MS[929] 112 7
MS[930] 59 15
MS[931] 140 106
MS[932] 130 80
MS[933] 66 103
MS[934] 57 48
MS[935] 88 9
MS[936] 76 117
MS[937] 63 89
MS[938] 36 25
MS[939] 148 95
MS[940] 39 24
MS[941] 10 54
MS[942] 145 35
MS[943] 135 92
MS[944] 50 125
MS[945] 89 58
MS[946] 122 27
MS[947] 17 91
MS[948] 96 101
MS[949] 85 79
MS[950] 111 13
MS[951] 53 83
MS[952] 92 90
MS[953] 69 122
MS[954] 59 33
MS[955] 33 57
MS[956] 36 21
MS[957] 43 29
MS[958] 19 83
MS[959] 56 30
MS[960] 25 80
MS[961] 70 20
MS[962] 105 41
MS[963] 143 66
MS[964] 26 110
MS[965] 139 20
MS[966] 26 68
MS[967] 24 109
MS[968] 139 78
MS[969] 113 15
MS[970] 60 8
MS[971] 146 66
MS[972] 107 40
MS[973] 70 84
MS[974] 68 86
MS[975] 89 123
MS[976] 98 17
MS[977] 126 0
MS[978] 53 116
MS[979] 130 16
MS[980] 24 28
MS[981] 15 73
MS[982] 146 62
MS[983] 77 6
MS[984] 5 49
MS[985] 48 36
MS[986] 122 33
MS[987] 89 71
MS[988] 103 32
MS[989] 97 64
MS[990] 61 73
MS[991] 66 57
MS[992] 135 45
MS[993] 94 3
MS[994] 108 64
MS[995] 144 99
MS[996] 37 97
MS[997] 79 117
MS[998] 33 78
MS[999] 83 2
MS[1000] 47 22
MS[1001] 79 50
MS[1002] 92 4
MS[1003] 48 109
MS[1004] 70 59
MS[1005] 55 64
MS[1006] 64 42
MS[1007] 127 45
MS[1008] 10 63
MS[1009] 85 112
MS[1010] 49 37
MS[1011] 74 21
MS[1012] 104 31
MS[1013] 25 103
MS[1014] 57 55
MS[1015] 50 119
MS[1016] 118 76
MS[1017] 115 33
MS[1018] 62 50
MS[1019] 49 24
MS[1020] 113 1
MS[1021] 143 108
MS[1022] 133 94
MS[1023] 17 107
MS[1024] 70 68
MS[1025] 38 16
MS[1026] 26 101
MS[1027] 74 69
MS[1028] 51 37
MS[1029] 70 14
MS[1030] 87 63
MS[1031] 122 70
MS[1032] 59 125
MS[1033] 134 72
MS[1034] 35 106
MS[1035] 140 97
MS[1036] 59 37
MS[1037] 106 98
MS[1038] 105 34
MS[1039] 61 25
MS[1040] 28 51
MS[1041] 28 53
MS[1042] 80 105
MS[1043] 118 65
MS[1044] 28 55
MS[1045] 54 59
MS[1046] 96 42
MS[1047] 16 51
MS[1048] 26 40
MS[1049] 142 71
MS[1050] 36 83
MS[1051] 106 67
MS[1052] 84 3
MS[1053] 115 72
MS[1054] 57 61
MS[1055] 115 73
MS[1056] 40 41
MS[1057] 14 91
MS[1058] 144 50
MS[1059] 25 105
MS[1060] 141 25
MS[1061] 78 81
MS[1062] 54 112
MS[1063] 62 111
MS[1064] 127 102
MS[1065] 55 66
MS[1066] 88 69
MS[1067] 7 82
MS[1068] 22 84
MS[1069] 96 28
MS[1070] 116 76
MS[1071] 12 73
MS[1072] 133 90
MS[1073] 55 97
MS[1074] 49 9
MS[1075] 1 39
MS[1076] 130 60
MS[1077] 145 60
MS[1078] 93 91
MS[1079] 140 60
MS[1080] 69 54
MS[1081] 133 10
MS[1082] 143 67
MS[1083] 51 28
MS[1084] 8 107
MS[1085] 23 95
MS[1086] 5 40
MS[1087] 2 99
MS[1088] 143 44
MS[1089] 61 115
MS[1090] 99 44
MS[1091] 27 71
MS[1092] 43 49
MS[1093] 116 54
MS[1094] 18 26
MS[1095] 11 45
MS[1096] 121 63
MS[1097] 67 107
MS[1098] 80 73
MS[1099] 74 55
MS[1100] 82 48
MS[1101] 149 51
MS[1102] 116 17
MS[1103] 44 18
MS[1104] 94 117
MS[1105] 23 65
MS[1106] 113 22
MS[1107] 117 79
MS[1108] 39 72
MS[1109] 91 49
MS[1110] 70 116
MS[1111] 94 1
MS[1112] 32 88
MS[1113] 74 48
MS[1114] 58 123
MS[1115] 129 0
MS[1116] 46 96
MS[1117] 47 107
MS[1118] 5 104
MS[1119] 134 86
MS[1120] 24 89
MS[1121] 3 98
MS[1122] 53 98
MS[1123] 20 111
MS[1124] 13 71
MS[1125] 147 51
MS[1126] 67 92
MS[1127] 70 89
MS[1128] 66 91
MS[1129] 63 87
MS[1130] 72 87
MS[1131] 74 99
MS[1132] 69 86
MS[1133] 66 92
MS[1134] 74 88
MS[1135] 70 88
MS[1136] 67 90
MS[1137] 68 89
MS[1138] 71 87
MS[1139] 73 88
MS[1140] 64 89
MS[1141] 121 74
MS[1142] 119 68
MS[1143] 118 74
MS[1144] 119 69
MS[1145] 129 75
MS[1146] 124 72
MS[1147] 126 70
MS[1148] 132 74
MS[1149] 123 71
MS[1150] 132 72
MS[1151] 123 61
MS[1152] 130 70
MS[1153] 128 64
MS[1154] 124 74
MS[1155] 130 61
MS[1156] 33 56
MS[1157] 20 54
MS[1158] 33 58
MS[1159] 19 53
MS[1160] 25 53
MS[1161] 28 49
MS[1162] 23 58
MS[1163] 28 52
MS[1164] 26 54
MS[1165] 24 57
MS[1166] 19 60
MS[1167] 23 52
MS[1168] 25 48
MS[1169] 21 60
MS[1170] 25 59
MS[1171] 102 28
MS[1172] 112 22
MS[1173] 102 27
MS[1174] 98 30
MS[1175] 100 34
MS[1176] 100 31
MS[1177] 109 21
MS[1178] 105 30
MS[1179] 108 35
MS[1180] 105 31
MS[1181] 98 25
MS[1182] 107 34
MS[1183] 105 33
MS[1184] 111 24
MS[1185] 111 21
MS[1186] 119 60
MS[1187] 64 72
MS[1188] 97 91
MS[1189] 128 106
MS[1190] 6 40
MS[1191] 59 77
MS[1192] 1 24
MS[1193] 48 44
MS[1194] 142 97
MS[1195] 39 45
MS[1196] 107 44
MS[1197] 116 49
MS[1198] 58 21
MS[1199] 37 106
MS[1200] 146 96
MS[1201] 121 36
MS[1202] 94 96
MS[1203] 21 71
MS[1204] 39 13
MS[1205] 110 18
MS[1206] 28 82
MS[1207] 92 72
MS[1208] 139 102
MS[1209] 48 105
MS[1210] 120 33
MS[1211] 47 50
MS[1212] 17 33
MS[1213] 24 93
MS[1214] 67 80
MS[1215] 76 45
MS[1216] 89 37
MS[1217] 122 13
MS[1218] 98 100
MS[1219] 44 13
MS[1220] 25 84
MS[1221] 45 80
MS[1222] 132 23
MS[1223] 82 50
MS[1224] 32 100
MS[1225] 50 40
MS[1226] 71 101
MS[1227] 61 89
MS[1228] 23 112
MS[1229] 121 6
MS[1230] 138 71
MS[1231] 122 57
MS[1232] 47 14
MS[1233] 24 83
MS[1234] 28 56
MS[1235] 85 33
MS[1236] 89 38
MS[1237] 98 49
MS[1238] 84 67
MS[1239] 81 61
MS[1240] 59 56
MS[1241] 41 18
MS[1242] 81 65
MS[1243] 79 2
MS[1244] 110 48
MS[1245] 15 64
MS[1246] 8 96
MS[1247] 125 76
MS[1248] 104 115
MS[1249] 145 55
MS[1250] 136 108
MS[1251] 58 107
MS[1252] 100 47
MS[1253] 125 48
MS[1254] 23 40
MS[1255] 48 49
MS[1256] 39 63
MS[1257] 15 99
MS[1258] 61 42
MS[1259] 128 66
MS[1260] 67 123
MS[1261] 23 105
MS[1262] 104 42
MS[1263] 24 34
MS[1264] 145 100
MS[1265] 40 26
MS[1266] 69 108
MS[1267] 149 92
MS[1268] 115 35
MS[1269] 82 69
MS[1270] 129 81
MS[1271] 36 23
MS[1272] 81 2
MS[1273] 128 98
MS[1274] 36 85
MS[1275] 79 60
MS[1276] 21 89
MS[1277] 115 68
MS[1278] 91 5
MS[1279] 94 10
MS[1280] 31 87
MS[1281] 50 10
MS[1282] 71 76
MS[1283] 130 28
MS[1284] 105 68
MS[1285] 71 82
MS[1286] 69 116
MS[1287] 61 49
MS[1288] 59 9
MS[1289] 140 32
MS[1290] 2 92
MS[1291] 18 74
MS[1292] 3 26
MS[1293] 125 63
MS[1294] 79 123
MS[1295] 24 41
MS[1296] 132 26
MS[1297] 110 107
MS[1298] 117 55
MS[1299] 82 37
MS[1300] 115 76
MS[1301] 94 89
MS[1302] 89 69
MS[1303] 55 12
MS[1304] 67 111
MS[1305] 42 99
MS[1306] 130 24
MS[1307] 125 4
MS[1308] 65 9
MS[1309] 82 20
MS[1310] 98 14
MS[1311] 54 108
MS[1312] 108 52
MS[1313] 90 52
MS[1314] 24 98
MS[1315] 62 68
MS[1316] 77 80
MS[1317] 25 33
MS[1318] 100 111
MS[1319] 69 113
MS[1320] 56 61
MS[1321] 91 91
MS[1322] 2 34
MS[1323] 9 36
MS[1324] 96 7
MS[1325] 117 23
MS[1326] 140 69
MS[1327] 89 15
MS[1328] 102 57
MS[1329] 41 52
MS[1330] 18 46
MS[1331] 61 67
MS[1332] 70 72
MS[1333] 78 5
MS[1334] 131 97
MS[1335] 141 77
MS[1336] 64 84
MS[1337] 51 105
MS[1338] 65 12
MS[1339] 145 37
MS[1340] 56 65
MS[1341] 11 36
MS[1342] 134 105
MS[1343] 32 69
MS[1344] 76 1
MS[1345] 51 119
MS[1346] 56 89
MS[1347] 108 67
MS[1348] 28 80
MS[1349] 68 19
MS[1350] 85 16
MS[1351] 54 121
MS[1352] 24 100
MS[1353] 76 42
MS[1354] 149 39
MS[1355] 27 76
MS[1356] 65 38
MS[1357] 142 58
MS[1358] 89 60
MS[1359] 77 76
MS[1360] 128 34
MS[1361] 48 54
MS[1362] 134 58
MS[1363] 83 113
MS[1364] 12 70
MS[1365] 42 17
MS[1366] 77 107
MS[1367] 46 74


"Macro-0" 23 101 15 21
"Macro-1" 11 94 15 21
"Macro-2" 5 80 15 21
"Macro-3" 14 52 15 21
"Macro-4" 13 33 15 21
"Macro-5" 25 78 15 21
"Macro-6" 41 65 15 21
"Macro-7" 46 86 15 21
"Macro-8" 48 25 15 21
"Macro-9" 52 49 15 21
"Macro-10" 54 15 15 21
"Macro-11" 60 114 15 21
"Macro-12" 64 79 15 21
"Macro-13" 73 45 15 21
"Macro-14" 75 11 15 21
"Macro-15" 80 111 15 21
"Macro-16" 79 68 15 21
"Macro-17" 94 39 15 21
"Macro-18" 96 103 15 21
"Macro-19" 103 3 15 21
"Macro-20" 108 56 15 21
"Macro-21" 120 12 15 21
"Macro-22" 127 68 15 21
"Macro-23" 129 31 15 21
"Macro-24" 137 95 15 21
"Macro-25" 140 48 15 21
"Macro-26" 146 81 15 21
"Macro-27" 146 64 15 21


"Femto-0" 27 53 1 6
"Femto-1" 29 74 1 6
"Femto-2" 59 48 1 6
"Femto-3" 70 93 1 6
"Femto-4" 66 35 1 6
"Femto-5" 78 83 1 6
"Femto-6" 79 56 1 6
"Femto-7" 105 29 1 6
"Femto-8" 106 77 1 6
"Femto-9" 125 68 1 6


plot "coordinates.txt" index 1:1 using 2:3 title "Macros" with points, "coordinates.txt" index 2:2 using 2:3 title "Femtos" with points, "coordinates.txt" index 1:1 using 2:3:4 title "Macros" with circles, "coordinates.txt" index 2:2 using 2:3:4 title "Femtos" with circles, "coordinates.txt" index 0:0 using 2:3 title "UEs" with points