#BS38MS360BP0.075
MS[0] 93 34
MS[1] 12 45
MS[2] 143 79
MS[3] 73 41
MS[4] 134 65
MS[5] 90 36
MS[6] 78 48
MS[7] 47 22
MS[8] 134 90
MS[9] 107 44
MS[10] 104 58
MS[11] 31 110
MS[12] 60 116
MS[13] 132 82
MS[14] 125 45
MS[15] 26 85
MS[16] 55 127
MS[17] 49 39
MS[18] 28 104
MS[19] 37 59
MS[20] 78 1
MS[21] 81 53
MS[22] 98 93
MS[23] 28 84
MS[24] 37 80
MS[25] 88 17
MS[26] 85 16
MS[27] 98 33
MS[28] 40 31
MS[29] 88 7
MS[30] 69 106
MS[31] 129 19
MS[32] 117 66
MS[33] 5 55
MS[34] 83 71
MS[35] 121 42
MS[36] 111 11
MS[37] 73 49
MS[38] 18 104
MS[39] 117 78
MS[40] 134 68
MS[41] 58 113
MS[42] 80 14
MS[43] 66 83
MS[44] 20 93
MS[45] 135 100
MS[46] 2 59
MS[47] 51 72
MS[48] 65 70
MS[49] 52 32
MS[50] 57 15
MS[51] 106 47
MS[52] 40 37
MS[53] 42 23
MS[54] 104 109
MS[55] 106 0
MS[56] 93 102
MS[57] 75 101
MS[58] 128 49
MS[59] 126 30
MS[60] 82 15
MS[61] 58 72
MS[62] 55 98
MS[63] 129 104
MS[64] 7 107
MS[65] 56 47
MS[66] 93 48
MS[67] 97 106
MS[68] 59 36
MS[69] 135 88
MS[70] 0 85
MS[71] 75 19
MS[72] 39 23
MS[73] 88 36
MS[74] 146 35
MS[75] 142 106
MS[76] 32 103
MS[77] 108 55
MS[78] 3 34
MS[79] 70 68
MS[80] 48 54
MS[81] 46 23
MS[82] 98 57
MS[83] 23 94
MS[84] 145 67
MS[85] 103 27
MS[86] 45 16
MS[87] 108 100
MS[88] 84 66
MS[89] 5 88
MS[90] 102 10
MS[91] 127 97
MS[92] 140 75
MS[93] 17 40
MS[94] 64 12
MS[95] 108 69
MS[96] 39 83
MS[97] 99 25
MS[98] 143 93
MS[99] 127 38
MS[100] 48 97
MS[101] 78 38
MS[102] 75 100
MS[103] 50 92
MS[104] 70 67
MS[105] 132 36
MS[106] 75 75
MS[107] 59 77
MS[108] 29 112
MS[109] 69 88
MS[110] 82 119
MS[111] 38 69
MS[112] 5 46
MS[113] 121 51
MS[114] 60 123
MS[115] 21 92
MS[116] 116 12
MS[117] 113 47
MS[118] 26 40
MS[119] 149 95
MS[120] 117 61
MS[121] 126 76
MS[122] 125 33
MS[123] 16 48
MS[124] 70 76
MS[125] 21 21
MS[126] 103 94
MS[127] 9 31
MS[128] 18 35
MS[129] 48 96
MS[130] 127 100
MS[131] 94 8
MS[132] 83 61
MS[133] 69 69
MS[134] 116 45
MS[135] 47 91
MS[136] 130 71
MS[137] 119 31
MS[138] 125 43
MS[139] 52 79
MS[140] 84 49
MS[141] 67 61
MS[142] 124 40
MS[143] 53 91
MS[144] 17 95
MS[145] 138 30
MS[146] 123 28
MS[147] 149 76
MS[148] 47 10
MS[149] 101 16
MS[150] 72 2
MS[151] 80 43
MS[152] 136 54
MS[153] 136 92
MS[154] 143 70
MS[155] 125 10
MS[156] 16 51
MS[157] 3 56
MS[158] 133 28
MS[159] 104 11
MS[160] 132 53
MS[161] 137 104
MS[162] 39 26
MS[163] 8 25
MS[164] 50 114
MS[165] 90 44
MS[166] 106 103
MS[167] 70 109
MS[168] 9 53
MS[169] 7 70
MS[170] 2 28
MS[171] 78 63
MS[172] 140 43
MS[173] 148 92
MS[174] 7 88
MS[175] 38 94
MS[176] 99 27
MS[177] 80 46
MS[178] 42 97
MS[179] 94 3
MS[180] 43 73
MS[181] 62 42
MS[182] 68 122
MS[183] 32 106
MS[184] 101 68
MS[185] 17 108
MS[186] 79 0
MS[187] 70 51
MS[188] 54 60
MS[189] 117 4
MS[190] 126 50
MS[191] 50 26
MS[192] 146 56
MS[193] 12 75
MS[194] 108 68
MS[195] 115 28
MS[196] 88 122
MS[197] 35 25
MS[198] 144 61
MS[199] 5 71
MS[200] 7 56
MS[201] 123 59
MS[202] 92 89
MS[203] 87 16
MS[204] 139 28
MS[205] 111 49
MS[206] 3 106
MS[207] 116 18
MS[208] 19 86
MS[209] 110 108
MS[210] 82 104
MS[211] 47 19
MS[212] 121 58
MS[213] 97 110
MS[214] 86 74
MS[215] 52 110
MS[216] 103 56
MS[217] 12 109
MS[218] 5 31
MS[219] 54 57
MS[220] 0 38
MS[221] 12 48
MS[222] 8 56
MS[223] 148 85
MS[224] 6 101
MS[225] 119 17
MS[226] 65 90
MS[227] 75 87
MS[228] 68 92
MS[229] 69 89
MS[230] 119 72
MS[231] 126 62
MS[232] 126 64
MS[233] 122 64
MS[234] 24 56
MS[235] 25 49
MS[236] 26 51
MS[237] 28 47
MS[238] 103 35
MS[239] 99 33
MS[240] 105 31
MS[241] 106 34
MS[242] 111 52
MS[243] 139 109
MS[244] 59 104
MS[245] 94 92
MS[246] 85 118
MS[247] 125 40
MS[248] 31 71
MS[249] 60 90
MS[250] 36 26
MS[251] 135 96
MS[252] 55 96
MS[253] 148 96
MS[254] 107 57
MS[255] 50 104
MS[256] 149 37
MS[257] 72 84
MS[258] 66 47
MS[259] 124 9
MS[260] 3 43
MS[261] 47 115
MS[262] 35 61
MS[263] 51 103
MS[264] 90 8
MS[265] 104 111
MS[266] 100 56
MS[267] 65 100
MS[268] 86 10
MS[269] 87 61
MS[270] 19 99
MS[271] 36 74
MS[272] 39 80
MS[273] 46 50
MS[274] 105 14
MS[275] 96 58
MS[276] 118 37
MS[277] 67 122
MS[278] 80 73
MS[279] 83 30
MS[280] 130 51
MS[281] 32 73
MS[282] 91 119
MS[283] 82 5
MS[284] 6 21
MS[285] 56 52
MS[286] 71 63
MS[287] 67 17
MS[288] 14 96
MS[289] 147 53
MS[290] 68 88
MS[291] 22 53
MS[292] 19 104
MS[293] 58 101
MS[294] 77 33
MS[295] 99 54
MS[296] 51 71
MS[297] 43 60
MS[298] 64 4
MS[299] 148 79
MS[300] 125 98
MS[301] 73 43
MS[302] 97 108
MS[303] 102 57
MS[304] 45 38
MS[305] 12 106
MS[306] 140 24
MS[307] 54 94
MS[308] 147 97
MS[309] 56 62
MS[310] 4 106
MS[311] 141 105
MS[312] 126 18
MS[313] 105 101
MS[314] 114 44
MS[315] 98 113
MS[316] 2 102
MS[317] 20 113
MS[318] 133 66
MS[319] 2 47
MS[320] 74 76
MS[321] 47 117
MS[322] 100 3
MS[323] 71 119
MS[324] 6 35
MS[325] 13 105
MS[326] 50 68
MS[327] 31 93
MS[328] 39 33
MS[329] 144 95
MS[330] 60 49
MS[331] 77 121
MS[332] 47 51
MS[333] 142 54
MS[334] 138 57
MS[335] 61 39
MS[336] 125 20
MS[337] 110 7
MS[338] 15 96
MS[339] 47 109
MS[340] 100 4
MS[341] 3 79
MS[342] 27 50
MS[343] 130 19
MS[344] 129 67
MS[345] 8 104
MS[346] 111 57
MS[347] 117 54
MS[348] 30 75
MS[349] 53 14
MS[350] 134 55
MS[351] 134 98
MS[352] 89 115
MS[353] 19 96
MS[354] 112 18
MS[355] 53 45
MS[356] 70 13
MS[357] 138 54
MS[358] 120 59
MS[359] 93 105


"Macro-0" 23 101 15 21
"Macro-1" 11 94 15 21
"Macro-2" 5 80 15 21
"Macro-3" 14 52 15 21
"Macro-4" 13 33 15 21
"Macro-5" 25 78 15 21
"Macro-6" 41 65 15 21
"Macro-7" 46 86 15 21
"Macro-8" 48 25 15 21
"Macro-9" 52 49 15 21
"Macro-10" 54 15 15 21
"Macro-11" 60 114 15 21
"Macro-12" 64 79 15 21
"Macro-13" 73 45 15 21
"Macro-14" 75 11 15 21
"Macro-15" 80 111 15 21
"Macro-16" 79 68 15 21
"Macro-17" 94 39 15 21
"Macro-18" 96 103 15 21
"Macro-19" 103 3 15 21
"Macro-20" 108 56 15 21
"Macro-21" 120 12 15 21
"Macro-22" 127 68 15 21
"Macro-23" 129 31 15 21
"Macro-24" 137 95 15 21
"Macro-25" 140 48 15 21
"Macro-26" 146 81 15 21
"Macro-27" 146 64 15 21


"Femto-0" 27 53 1 6
"Femto-1" 29 74 1 6
"Femto-2" 59 48 1 6
"Femto-3" 70 93 1 6
"Femto-4" 66 35 1 6
"Femto-5" 78 83 1 6
"Femto-6" 79 56 1 6
"Femto-7" 105 29 1 6
"Femto-8" 106 77 1 6
"Femto-9" 125 68 1 6


plot "coordinates.txt" index 1:1 using 2:3 title "Macros" with points, "coordinates.txt" index 2:2 using 2:3 title "Femtos" with points, "coordinates.txt" index 1:1 using 2:3:4 title "Macros" with circles, "coordinates.txt" index 2:2 using 2:3:4 title "Femtos" with circles, "coordinates.txt" index 0:0 using 2:3 title "UEs" with points