#BS38MS360BP0
MS[0] 62 17
MS[1] 140 30
MS[2] 137 23
MS[3] 90 75
MS[4] 144 78
MS[5] 4 66
MS[6] 82 1
MS[7] 36 29
MS[8] 67 9
MS[9] 52 126
MS[10] 42 17
MS[11] 143 32
MS[12] 25 48
MS[13] 40 58
MS[14] 55 121
MS[15] 45 91
MS[16] 83 119
MS[17] 49 94
MS[18] 126 47
MS[19] 107 70
MS[20] 103 65
MS[21] 31 60
MS[22] 63 71
MS[23] 118 51
MS[24] 60 105
MS[25] 56 30
MS[26] 128 42
MS[27] 60 67
MS[28] 105 58
MS[29] 63 18
MS[30] 32 84
MS[31] 69 92
MS[32] 39 14
MS[33] 57 17
MS[34] 99 35
MS[35] 46 26
MS[36] 95 52
MS[37] 45 31
MS[38] 71 23
MS[39] 70 42
MS[40] 115 11
MS[41] 57 74
MS[42] 80 114
MS[43] 90 29
MS[44] 51 49
MS[45] 81 69
MS[46] 147 60
MS[47] 15 22
MS[48] 110 60
MS[49] 53 32
MS[50] 112 44
MS[51] 70 33
MS[52] 68 42
MS[53] 128 85
MS[54] 53 35
MS[55] 10 35
MS[56] 51 2
MS[57] 116 4
MS[58] 51 47
MS[59] 73 99
MS[60] 24 70
MS[61] 61 43
MS[62] 65 76
MS[63] 65 77
MS[64] 136 20
MS[65] 109 1
MS[66] 64 82
MS[67] 124 64
MS[68] 120 28
MS[69] 115 52
MS[70] 34 82
MS[71] 34 108
MS[72] 5 96
MS[73] 1 70
MS[74] 49 61
MS[75] 138 60
MS[76] 62 52
MS[77] 87 117
MS[78] 63 109
MS[79] 47 64
MS[80] 19 25
MS[81] 143 91
MS[82] 39 67
MS[83] 128 47
MS[84] 51 92
MS[85] 62 108
MS[86] 99 109
MS[87] 74 90
MS[88] 24 93
MS[89] 115 72
MS[90] 2 88
MS[91] 25 92
MS[92] 57 18
MS[93] 93 40
MS[94] 136 103
MS[95] 137 48
MS[96] 61 87
MS[97] 60 38
MS[98] 131 97
MS[99] 75 61
MS[100] 95 2
MS[101] 3 54
MS[102] 20 37
MS[103] 53 7
MS[104] 31 95
MS[105] 37 84
MS[106] 122 23
MS[107] 89 109
MS[108] 98 34
MS[109] 131 56
MS[110] 58 91
MS[111] 85 78
MS[112] 85 113
MS[113] 140 23
MS[114] 97 112
MS[115] 98 36
MS[116] 124 72
MS[117] 54 28
MS[118] 135 108
MS[119] 77 67
MS[120] 148 65
MS[121] 59 123
MS[122] 132 105
MS[123] 71 100
MS[124] 21 58
MS[125] 28 99
MS[126] 125 78
MS[127] 66 6
MS[128] 80 23
MS[129] 31 80
MS[130] 80 65
MS[131] 87 18
MS[132] 11 28
MS[133] 29 92
MS[134] 56 24
MS[135] 51 104
MS[136] 98 99
MS[137] 100 47
MS[138] 65 46
MS[139] 20 87
MS[140] 110 17
MS[141] 124 95
MS[142] 117 29
MS[143] 128 49
MS[144] 73 35
MS[145] 44 12
MS[146] 125 11
MS[147] 42 35
MS[148] 87 15
MS[149] 4 29
MS[150] 27 31
MS[151] 27 68
MS[152] 14 73
MS[153] 83 44
MS[154] 122 71
MS[155] 41 45
MS[156] 50 17
MS[157] 53 64
MS[158] 126 67
MS[159] 98 28
MS[160] 124 44
MS[161] 65 37
MS[162] 66 118
MS[163] 58 58
MS[164] 5 35
MS[165] 53 110
MS[166] 99 115
MS[167] 82 76
MS[168] 131 32
MS[169] 14 105
MS[170] 128 80
MS[171] 142 40
MS[172] 61 4
MS[173] 9 69
MS[174] 77 17
MS[175] 57 37
MS[176] 72 82
MS[177] 127 22
MS[178] 99 60
MS[179] 87 45
MS[180] 137 104
MS[181] 136 22
MS[182] 77 4
MS[183] 96 4
MS[184] 73 55
MS[185] 38 36
MS[186] 70 6
MS[187] 20 38
MS[188] 66 9
MS[189] 83 109
MS[190] 42 70
MS[191] 16 53
MS[192] 21 41
MS[193] 47 41
MS[194] 31 113
MS[195] 102 17
MS[196] 139 89
MS[197] 49 32
MS[198] 110 44
MS[199] 75 102
MS[200] 91 6
MS[201] 33 112
MS[202] 47 2
MS[203] 7 94
MS[204] 96 39
MS[205] 109 48
MS[206] 56 84
MS[207] 43 45
MS[208] 81 125
MS[209] 53 91
MS[210] 130 105
MS[211] 113 62
MS[212] 96 107
MS[213] 121 17
MS[214] 80 74
MS[215] 56 123
MS[216] 144 103
MS[217] 9 48
MS[218] 89 76
MS[219] 11 24
MS[220] 86 68
MS[221] 133 56
MS[222] 84 34
MS[223] 14 102
MS[224] 58 94
MS[225] 78 17
MS[226] 76 86
MS[227] 66 89
MS[228] 74 87
MS[229] 65 86
MS[230] 128 63
MS[231] 129 73
MS[232] 120 70
MS[233] 120 64
MS[234] 24 48
MS[235] 19 50
MS[236] 25 59
MS[237] 23 58
MS[238] 106 32
MS[239] 99 29
MS[240] 99 28
MS[241] 98 26
MS[242] 111 19
MS[243] 102 32
MS[244] 38 96
MS[245] 110 106
MS[246] 50 123
MS[247] 116 56
MS[248] 119 12
MS[249] 117 37
MS[250] 133 59
MS[251] 130 49
MS[252] 80 70
MS[253] 48 9
MS[254] 13 72
MS[255] 71 25
MS[256] 81 121
MS[257] 80 60
MS[258] 25 95
MS[259] 17 21
MS[260] 78 38
MS[261] 121 37
MS[262] 57 19
MS[263] 57 102
MS[264] 69 126
MS[265] 53 121
MS[266] 6 60
MS[267] 47 67
MS[268] 52 105
MS[269] 138 53
MS[270] 125 24
MS[271] 109 19
MS[272] 74 36
MS[273] 142 33
MS[274] 12 77
MS[275] 143 84
MS[276] 45 97
MS[277] 91 33
MS[278] 68 126
MS[279] 96 27
MS[280] 145 72
MS[281] 63 40
MS[282] 105 103
MS[283] 55 17
MS[284] 117 68
MS[285] 146 40
MS[286] 148 105
MS[287] 40 86
MS[288] 89 33
MS[289] 53 90
MS[290] 19 114
MS[291] 56 78
MS[292] 88 13
MS[293] 49 112
MS[294] 124 13
MS[295] 73 15
MS[296] 102 94
MS[297] 49 124
MS[298] 86 102
MS[299] 116 54
MS[300] 106 111
MS[301] 42 6
MS[302] 40 16
MS[303] 138 66
MS[304] 81 61
MS[305] 77 85
MS[306] 111 18
MS[307] 32 77
MS[308] 125 87
MS[309] 63 45
MS[310] 46 18
MS[311] 130 17
MS[312] 95 33
MS[313] 103 32
MS[314] 86 35
MS[315] 119 65
MS[316] 22 103
MS[317] 62 26
MS[318] 53 60
MS[319] 66 114
MS[320] 125 17
MS[321] 41 79
MS[322] 101 30
MS[323] 16 70
MS[324] 95 90
MS[325] 74 100
MS[326] 41 12
MS[327] 135 30
MS[328] 37 26
MS[329] 56 27
MS[330] 111 54
MS[331] 47 94
MS[332] 39 15
MS[333] 0 52
MS[334] 138 65
MS[335] 72 85
MS[336] 60 70
MS[337] 72 116
MS[338] 85 119
MS[339] 15 89
MS[340] 4 88
MS[341] 63 89
MS[342] 64 37
MS[343] 24 60
MS[344] 45 6
MS[345] 22 44
MS[346] 54 95
MS[347] 64 25
MS[348] 113 3
MS[349] 126 30
MS[350] 88 33
MS[351] 145 102
MS[352] 46 89
MS[353] 78 70
MS[354] 129 18
MS[355] 74 79
MS[356] 8 89
MS[357] 135 36
MS[358] 120 78
MS[359] 15 55


"Macro-0" 23 101 15 21
"Macro-1" 11 94 15 21
"Macro-2" 5 80 15 21
"Macro-3" 14 52 15 21
"Macro-4" 13 33 15 21
"Macro-5" 25 78 15 21
"Macro-6" 41 65 15 21
"Macro-7" 46 86 15 21
"Macro-8" 48 25 15 21
"Macro-9" 52 49 15 21
"Macro-10" 54 15 15 21
"Macro-11" 60 114 15 21
"Macro-12" 64 79 15 21
"Macro-13" 73 45 15 21
"Macro-14" 75 11 15 21
"Macro-15" 80 111 15 21
"Macro-16" 79 68 15 21
"Macro-17" 94 39 15 21
"Macro-18" 96 103 15 21
"Macro-19" 103 3 15 21
"Macro-20" 108 56 15 21
"Macro-21" 120 12 15 21
"Macro-22" 127 68 15 21
"Macro-23" 129 31 15 21
"Macro-24" 137 95 15 21
"Macro-25" 140 48 15 21
"Macro-26" 146 81 15 21
"Macro-27" 146 64 15 21


"Femto-0" 27 53 1 6
"Femto-1" 29 74 1 6
"Femto-2" 59 48 1 6
"Femto-3" 70 93 1 6
"Femto-4" 66 35 1 6
"Femto-5" 78 83 1 6
"Femto-6" 79 56 1 6
"Femto-7" 105 29 1 6
"Femto-8" 106 77 1 6
"Femto-9" 125 68 1 6


plot "coordinates.txt" index 1:1 using 2:3 title "Macros" with points, "coordinates.txt" index 2:2 using 2:3 title "Femtos" with points, "coordinates.txt" index 1:1 using 2:3:4 title "Macros" with circles, "coordinates.txt" index 2:2 using 2:3:4 title "Femtos" with circles, "coordinates.txt" index 0:0 using 2:3 title "UEs" with points