#BS38MS684BP0.075
MS[0] 83 71
MS[1] 86 40
MS[2] 76 44
MS[3] 18 44
MS[4] 96 38
MS[5] 118 63
MS[6] 27 47
MS[7] 43 49
MS[8] 115 69
MS[9] 96 16
MS[10] 3 29
MS[11] 22 115
MS[12] 84 6
MS[13] 3 77
MS[14] 122 57
MS[15] 94 15
MS[16] 106 59
MS[17] 84 52
MS[18] 81 117
MS[19] 95 91
MS[20] 61 19
MS[21] 108 9
MS[22] 20 81
MS[23] 15 75
MS[24] 60 44
MS[25] 122 32
MS[26] 101 67
MS[27] 48 57
MS[28] 126 34
MS[29] 25 71
MS[30] 54 22
MS[31] 26 82
MS[32] 108 55
MS[33] 136 25
MS[34] 131 47
MS[35] 70 103
MS[36] 79 73
MS[37] 20 29
MS[38] 116 44
MS[39] 58 45
MS[40] 140 40
MS[41] 88 28
MS[42] 65 69
MS[43] 75 57
MS[44] 147 78
MS[45] 21 41
MS[46] 87 37
MS[47] 118 18
MS[48] 70 10
MS[49] 58 9
MS[50] 78 16
MS[51] 84 58
MS[52] 11 61
MS[53] 39 82
MS[54] 123 0
MS[55] 91 64
MS[56] 124 71
MS[57] 133 37
MS[58] 127 10
MS[59] 129 101
MS[60] 33 82
MS[61] 74 18
MS[62] 125 8
MS[63] 77 7
MS[64] 132 19
MS[65] 128 8
MS[66] 21 69
MS[67] 20 95
MS[68] 49 98
MS[69] 101 105
MS[70] 13 26
MS[71] 86 102
MS[72] 47 69
MS[73] 115 58
MS[74] 149 93
MS[75] 66 20
MS[76] 64 41
MS[77] 68 106
MS[78] 148 101
MS[79] 46 77
MS[80] 146 52
MS[81] 62 83
MS[82] 56 110
MS[83] 139 71
MS[84] 66 107
MS[85] 148 77
MS[86] 138 49
MS[87] 80 16
MS[88] 119 28
MS[89] 146 40
MS[90] 47 4
MS[91] 78 59
MS[92] 71 62
MS[93] 117 70
MS[94] 21 49
MS[95] 77 20
MS[96] 25 94
MS[97] 2 103
MS[98] 146 100
MS[99] 54 123
MS[100] 15 29
MS[101] 85 113
MS[102] 109 12
MS[103] 134 42
MS[104] 90 9
MS[105] 14 41
MS[106] 129 11
MS[107] 144 54
MS[108] 16 100
MS[109] 27 77
MS[110] 76 42
MS[111] 8 23
MS[112] 78 97
MS[113] 61 3
MS[114] 77 45
MS[115] 65 22
MS[116] 78 44
MS[117] 47 96
MS[118] 0 34
MS[119] 13 74
MS[120] 97 103
MS[121] 116 30
MS[122] 46 96
MS[123] 106 11
MS[124] 125 41
MS[125] 133 22
MS[126] 18 40
MS[127] 120 48
MS[128] 122 37
MS[129] 149 92
MS[130] 114 2
MS[131] 85 53
MS[132] 9 93
MS[133] 64 36
MS[134] 37 99
MS[135] 59 76
MS[136] 116 37
MS[137] 138 33
MS[138] 122 34
MS[139] 104 53
MS[140] 104 31
MS[141] 31 68
MS[142] 33 54
MS[143] 48 20
MS[144] 16 74
MS[145] 146 53
MS[146] 75 107
MS[147] 129 78
MS[148] 17 81
MS[149] 38 57
MS[150] 16 73
MS[151] 70 40
MS[152] 10 76
MS[153] 94 114
MS[154] 85 42
MS[155] 63 90
MS[156] 98 65
MS[157] 47 85
MS[158] 58 53
MS[159] 28 60
MS[160] 20 23
MS[161] 32 112
MS[162] 95 4
MS[163] 48 60
MS[164] 104 96
MS[165] 137 57
MS[166] 51 45
MS[167] 110 50
MS[168] 90 108
MS[169] 70 51
MS[170] 92 7
MS[171] 49 25
MS[172] 89 15
MS[173] 26 53
MS[174] 0 52
MS[175] 66 104
MS[176] 13 40
MS[177] 35 87
MS[178] 91 50
MS[179] 47 111
MS[180] 94 60
MS[181] 54 16
MS[182] 107 96
MS[183] 52 69
MS[184] 79 119
MS[185] 75 75
MS[186] 17 64
MS[187] 78 46
MS[188] 130 39
MS[189] 77 71
MS[190] 32 86
MS[191] 10 50
MS[192] 10 64
MS[193] 4 75
MS[194] 43 56
MS[195] 46 24
MS[196] 77 24
MS[197] 99 107
MS[198] 15 19
MS[199] 65 2
MS[200] 125 25
MS[201] 88 27
MS[202] 142 92
MS[203] 4 87
MS[204] 149 51
MS[205] 85 44
MS[206] 131 9
MS[207] 39 98
MS[208] 52 64
MS[209] 46 14
MS[210] 20 82
MS[211] 7 73
MS[212] 69 12
MS[213] 115 23
MS[214] 98 92
MS[215] 136 86
MS[216] 136 19
MS[217] 20 106
MS[218] 104 13
MS[219] 77 41
MS[220] 25 58
MS[221] 129 54
MS[222] 103 92
MS[223] 62 4
MS[224] 62 100
MS[225] 75 7
MS[226] 15 85
MS[227] 108 10
MS[228] 103 14
MS[229] 84 61
MS[230] 59 114
MS[231] 119 12
MS[232] 132 75
MS[233] 26 96
MS[234] 131 88
MS[235] 98 56
MS[236] 54 13
MS[237] 112 12
MS[238] 75 105
MS[239] 2 80
MS[240] 110 48
MS[241] 10 45
MS[242] 109 69
MS[243] 133 20
MS[244] 128 17
MS[245] 145 61
MS[246] 139 45
MS[247] 140 43
MS[248] 110 102
MS[249] 107 36
MS[250] 58 109
MS[251] 24 41
MS[252] 60 52
MS[253] 109 52
MS[254] 42 6
MS[255] 16 31
MS[256] 51 6
MS[257] 74 11
MS[258] 11 83
MS[259] 102 97
MS[260] 15 24
MS[261] 149 104
MS[262] 134 108
MS[263] 6 26
MS[264] 114 22
MS[265] 57 67
MS[266] 81 33
MS[267] 116 28
MS[268] 48 67
MS[269] 49 20
MS[270] 70 124
MS[271] 15 35
MS[272] 71 82
MS[273] 59 123
MS[274] 133 95
MS[275] 75 104
MS[276] 23 26
MS[277] 1 41
MS[278] 26 90
MS[279] 97 114
MS[280] 35 81
MS[281] 59 7
MS[282] 127 103
MS[283] 47 72
MS[284] 79 82
MS[285] 1 56
MS[286] 83 114
MS[287] 58 102
MS[288] 48 78
MS[289] 137 24
MS[290] 37 74
MS[291] 22 66
MS[292] 79 69
MS[293] 138 66
MS[294] 149 97
MS[295] 23 63
MS[296] 104 95
MS[297] 49 12
MS[298] 48 62
MS[299] 22 46
MS[300] 56 109
MS[301] 139 93
MS[302] 86 63
MS[303] 62 15
MS[304] 35 102
MS[305] 134 32
MS[306] 72 35
MS[307] 129 53
MS[308] 0 68
MS[309] 35 65
MS[310] 71 91
MS[311] 25 112
MS[312] 87 13
MS[313] 101 12
MS[314] 47 76
MS[315] 47 26
MS[316] 31 72
MS[317] 110 20
MS[318] 40 47
MS[319] 98 113
MS[320] 132 101
MS[321] 28 81
MS[322] 27 75
MS[323] 108 58
MS[324] 49 91
MS[325] 108 2
MS[326] 95 10
MS[327] 127 78
MS[328] 37 82
MS[329] 97 32
MS[330] 11 57
MS[331] 104 103
MS[332] 55 31
MS[333] 8 47
MS[334] 95 110
MS[335] 112 18
MS[336] 83 109
MS[337] 89 118
MS[338] 44 36
MS[339] 52 55
MS[340] 93 7
MS[341] 46 34
MS[342] 105 49
MS[343] 42 63
MS[344] 81 97
MS[345] 53 115
MS[346] 74 71
MS[347] 46 13
MS[348] 91 90
MS[349] 102 46
MS[350] 48 45
MS[351] 105 109
MS[352] 143 54
MS[353] 103 36
MS[354] 128 99
MS[355] 67 79
MS[356] 8 72
MS[357] 140 106
MS[358] 46 90
MS[359] 41 43
MS[360] 37 60
MS[361] 31 107
MS[362] 82 61
MS[363] 108 51
MS[364] 1 81
MS[365] 62 44
MS[366] 140 58
MS[367] 132 27
MS[368] 14 35
MS[369] 140 55
MS[370] 79 79
MS[371] 115 12
MS[372] 88 99
MS[373] 73 99
MS[374] 83 73
MS[375] 4 70
MS[376] 31 93
MS[377] 120 59
MS[378] 79 12
MS[379] 19 61
MS[380] 39 16
MS[381] 102 53
MS[382] 10 32
MS[383] 44 65
MS[384] 127 20
MS[385] 136 97
MS[386] 84 108
MS[387] 51 86
MS[388] 0 95
MS[389] 93 40
MS[390] 111 46
MS[391] 82 63
MS[392] 103 115
MS[393] 48 4
MS[394] 52 124
MS[395] 37 52
MS[396] 144 83
MS[397] 78 42
MS[398] 100 96
MS[399] 39 36
MS[400] 140 23
MS[401] 99 106
MS[402] 120 43
MS[403] 58 118
MS[404] 75 98
MS[405] 73 84
MS[406] 81 45
MS[407] 30 97
MS[408] 119 22
MS[409] 58 17
MS[410] 31 59
MS[411] 25 53
MS[412] 43 72
MS[413] 34 82
MS[414] 54 3
MS[415] 124 25
MS[416] 50 76
MS[417] 67 53
MS[418] 97 2
MS[419] 73 20
MS[420] 83 70
MS[421] 103 10
MS[422] 35 75
MS[423] 46 89
MS[424] 78 52
MS[425] 117 72
MS[426] 40 91
MS[427] 63 115
MS[428] 139 38
MS[429] 79 114
MS[430] 114 69
MS[431] 78 114
MS[432] 18 45
MS[433] 36 58
MS[434] 38 35
MS[435] 50 107
MS[436] 146 62
MS[437] 24 91
MS[438] 62 55
MS[439] 83 8
MS[440] 73 67
MS[441] 82 70
MS[442] 36 33
MS[443] 42 47
MS[444] 144 66
MS[445] 107 102
MS[446] 27 50
MS[447] 61 107
MS[448] 50 25
MS[449] 120 67
MS[450] 71 44
MS[451] 76 100
MS[452] 73 100
MS[453] 76 99
MS[454] 68 86
MS[455] 73 88
MS[456] 64 100
MS[457] 71 90
MS[458] 125 67
MS[459] 132 69
MS[460] 131 71
MS[461] 132 73
MS[462] 127 71
MS[463] 121 75
MS[464] 124 65
MS[465] 22 51
MS[466] 28 48
MS[467] 25 52
MS[468] 26 46
MS[469] 27 57
MS[470] 28 49
MS[471] 19 54
MS[472] 110 23
MS[473] 104 35
MS[474] 102 30
MS[475] 100 32
MS[476] 99 25
MS[477] 98 29
MS[478] 99 30
MS[479] 124 17
MS[480] 38 67
MS[481] 77 77
MS[482] 139 91
MS[483] 132 82
MS[484] 37 106
MS[485] 91 69
MS[486] 50 39
MS[487] 113 62
MS[488] 54 120
MS[489] 41 82
MS[490] 132 37
MS[491] 15 22
MS[492] 76 73
MS[493] 10 100
MS[494] 92 40
MS[495] 104 101
MS[496] 145 60
MS[497] 101 14
MS[498] 20 83
MS[499] 78 72
MS[500] 146 38
MS[501] 74 105
MS[502] 95 3
MS[503] 52 68
MS[504] 91 4
MS[505] 82 112
MS[506] 139 36
MS[507] 115 47
MS[508] 86 1
MS[509] 8 44
MS[510] 136 40
MS[511] 84 81
MS[512] 51 37
MS[513] 42 35
MS[514] 51 84
MS[515] 71 47
MS[516] 75 82
MS[517] 121 40
MS[518] 31 94
MS[519] 53 19
MS[520] 120 41
MS[521] 20 60
MS[522] 52 28
MS[523] 104 39
MS[524] 131 8
MS[525] 125 77
MS[526] 61 67
MS[527] 75 35
MS[528] 114 52
MS[529] 19 85
MS[530] 144 51
MS[531] 81 48
MS[532] 13 43
MS[533] 72 19
MS[534] 11 64
MS[535] 64 7
MS[536] 74 73
MS[537] 63 38
MS[538] 28 82
MS[539] 133 9
MS[540] 122 53
MS[541] 112 62
MS[542] 45 28
MS[543] 17 59
MS[544] 97 1
MS[545] 8 27
MS[546] 53 101
MS[547] 144 100
MS[548] 93 11
MS[549] 61 51
MS[550] 52 114
MS[551] 73 112
MS[552] 148 46
MS[553] 118 72
MS[554] 76 55
MS[555] 73 83
MS[556] 63 55
MS[557] 63 6
MS[558] 34 30
MS[559] 55 119
MS[560] 91 9
MS[561] 84 66
MS[562] 81 21
MS[563] 85 35
MS[564] 107 50
MS[565] 57 21
MS[566] 38 66
MS[567] 96 6
MS[568] 71 32
MS[569] 147 61
MS[570] 17 78
MS[571] 135 40
MS[572] 25 110
MS[573] 132 17
MS[574] 130 91
MS[575] 90 70
MS[576] 77 33
MS[577] 61 121
MS[578] 115 28
MS[579] 127 100
MS[580] 120 58
MS[581] 80 117
MS[582] 146 84
MS[583] 49 73
MS[584] 44 83
MS[585] 142 25
MS[586] 77 82
MS[587] 147 39
MS[588] 20 74
MS[589] 44 35
MS[590] 14 43
MS[591] 89 25
MS[592] 105 68
MS[593] 94 25
MS[594] 70 45
MS[595] 76 39
MS[596] 16 23
MS[597] 139 60
MS[598] 110 55
MS[599] 5 49
MS[600] 80 96
MS[601] 67 107
MS[602] 94 61
MS[603] 18 73
MS[604] 113 46
MS[605] 121 35
MS[606] 90 96
MS[607] 131 72
MS[608] 9 63
MS[609] 9 90
MS[610] 37 85
MS[611] 7 45
MS[612] 68 41
MS[613] 105 101
MS[614] 106 16
MS[615] 94 45
MS[616] 101 101
MS[617] 142 61
MS[618] 139 77
MS[619] 90 3
MS[620] 62 116
MS[621] 130 93
MS[622] 147 93
MS[623] 4 60
MS[624] 40 83
MS[625] 112 48
MS[626] 99 56
MS[627] 93 103
MS[628] 59 85
MS[629] 14 101
MS[630] 65 6
MS[631] 70 62
MS[632] 51 55
MS[633] 66 51
MS[634] 14 81
MS[635] 99 16
MS[636] 39 94
MS[637] 50 95
MS[638] 93 4
MS[639] 72 118
MS[640] 141 44
MS[641] 36 65
MS[642] 138 87
MS[643] 22 97
MS[644] 51 85
MS[645] 72 0
MS[646] 111 64
MS[647] 24 55
MS[648] 23 112
MS[649] 33 55
MS[650] 59 45
MS[651] 117 10
MS[652] 61 9
MS[653] 50 85
MS[654] 64 21
MS[655] 82 40
MS[656] 41 53
MS[657] 26 100
MS[658] 132 36
MS[659] 48 99
MS[660] 70 121
MS[661] 9 30
MS[662] 29 112
MS[663] 133 100
MS[664] 134 71
MS[665] 43 60
MS[666] 21 84
MS[667] 86 15
MS[668] 111 68
MS[669] 17 51
MS[670] 10 84
MS[671] 46 15
MS[672] 34 81
MS[673] 115 70
MS[674] 3 93
MS[675] 50 98
MS[676] 84 18
MS[677] 33 86
MS[678] 140 38
MS[679] 148 59
MS[680] 101 13
MS[681] 97 12
MS[682] 127 97
MS[683] 58 32


"Macro-0" 23 101 15 21
"Macro-1" 11 94 15 21
"Macro-2" 5 80 15 21
"Macro-3" 14 52 15 21
"Macro-4" 13 33 15 21
"Macro-5" 25 78 15 21
"Macro-6" 41 65 15 21
"Macro-7" 46 86 15 21
"Macro-8" 48 25 15 21
"Macro-9" 52 49 15 21
"Macro-10" 54 15 15 21
"Macro-11" 60 114 15 21
"Macro-12" 64 79 15 21
"Macro-13" 73 45 15 21
"Macro-14" 75 11 15 21
"Macro-15" 80 111 15 21
"Macro-16" 79 68 15 21
"Macro-17" 94 39 15 21
"Macro-18" 96 103 15 21
"Macro-19" 103 3 15 21
"Macro-20" 108 56 15 21
"Macro-21" 120 12 15 21
"Macro-22" 127 68 15 21
"Macro-23" 129 31 15 21
"Macro-24" 137 95 15 21
"Macro-25" 140 48 15 21
"Macro-26" 146 81 15 21
"Macro-27" 146 64 15 21


"Femto-0" 27 53 1 6
"Femto-1" 29 74 1 6
"Femto-2" 59 48 1 6
"Femto-3" 70 93 1 6
"Femto-4" 66 35 1 6
"Femto-5" 78 83 1 6
"Femto-6" 79 56 1 6
"Femto-7" 105 29 1 6
"Femto-8" 106 77 1 6
"Femto-9" 125 68 1 6


plot "coordinates.txt" index 1:1 using 2:3 title "Macros" with points, "coordinates.txt" index 2:2 using 2:3 title "Femtos" with points, "coordinates.txt" index 1:1 using 2:3:4 title "Macros" with circles, "coordinates.txt" index 2:2 using 2:3:4 title "Femtos" with circles, "coordinates.txt" index 0:0 using 2:3 title "UEs" with points