#BS38MS1368BP0.075
MS[0] 137 31
MS[1] 116 57
MS[2] 94 2
MS[3] 87 16
MS[4] 101 117
MS[5] 69 125
MS[6] 54 111
MS[7] 76 113
MS[8] 54 64
MS[9] 84 97
MS[10] 31 60
MS[11] 22 83
MS[12] 44 95
MS[13] 89 100
MS[14] 11 93
MS[15] 91 37
MS[16] 67 122
MS[17] 84 30
MS[18] 55 87
MS[19] 120 77
MS[20] 55 116
MS[21] 141 22
MS[22] 44 81
MS[23] 75 36
MS[24] 147 69
MS[25] 73 116
MS[26] 34 106
MS[27] 136 82
MS[28] 50 116
MS[29] 112 8
MS[30] 61 86
MS[31] 22 110
MS[32] 5 95
MS[33] 77 98
MS[34] 99 96
MS[35] 52 2
MS[36] 45 90
MS[37] 84 43
MS[38] 112 52
MS[39] 80 51
MS[40] 37 91
MS[41] 80 60
MS[42] 59 85
MS[43] 6 38
MS[44] 86 7
MS[45] 135 61
MS[46] 43 89
MS[47] 64 88
MS[48] 50 120
MS[49] 89 32
MS[50] 26 59
MS[51] 128 106
MS[52] 22 89
MS[53] 128 29
MS[54] 87 113
MS[55] 52 5
MS[56] 55 4
MS[57] 113 3
MS[58] 136 64
MS[59] 97 16
MS[60] 105 113
MS[61] 49 83
MS[62] 143 38
MS[63] 135 98
MS[64] 45 99
MS[65] 4 99
MS[66] 52 109
MS[67] 92 65
MS[68] 123 25
MS[69] 66 12
MS[70] 61 8
MS[71] 19 20
MS[72] 8 68
MS[73] 89 64
MS[74] 63 121
MS[75] 43 80
MS[76] 11 37
MS[77] 47 37
MS[78] 76 53
MS[79] 11 49
MS[80] 130 38
MS[81] 65 47
MS[82] 102 29
MS[83] 61 116
MS[84] 50 24
MS[85] 26 92
MS[86] 39 98
MS[87] 14 99
MS[88] 16 103
MS[89] 14 79
MS[90] 48 109
MS[91] 77 124
MS[92] 12 88
MS[93] 63 118
MS[94] 68 41
MS[95] 23 60
MS[96] 145 84
MS[97] 101 43
MS[98] 43 28
MS[99] 69 108
MS[100] 19 92
MS[101] 3 47
MS[102] 80 3
MS[103] 0 79
MS[104] 125 79
MS[105] 7 90
MS[106] 99 32
MS[107] 126 102
MS[108] 12 48
MS[109] 83 15
MS[110] 143 29
MS[111] 44 62
MS[112] 137 63
MS[113] 4 42
MS[114] 44 91
MS[115] 126 71
MS[116] 11 21
MS[117] 68 82
MS[118] 91 44
MS[119] 95 28
MS[120] 16 88
MS[121] 57 60
MS[122] 1 96
MS[123] 25 57
MS[124] 40 89
MS[125] 84 44
MS[126] 20 61
MS[127] 96 28
MS[128] 110 107
MS[129] 110 46
MS[130] 3 55
MS[131] 47 98
MS[132] 84 63
MS[133] 25 90
MS[134] 42 50
MS[135] 147 82
MS[136] 64 126
MS[137] 89 58
MS[138] 131 35
MS[139] 102 47
MS[140] 20 43
MS[141] 108 6
MS[142] 8 47
MS[143] 39 45
MS[144] 135 88
MS[145] 30 78
MS[146] 86 94
MS[147] 54 29
MS[148] 80 45
MS[149] 88 113
MS[150] 133 25
MS[151] 72 18
MS[152] 65 38
MS[153] 29 73
MS[154] 137 33
MS[155] 8 26
MS[156] 78 45
MS[157] 124 102
MS[158] 52 80
MS[159] 132 35
MS[160] 28 70
MS[161] 95 11
MS[162] 148 69
MS[163] 29 99
MS[164] 147 54
MS[165] 62 16
MS[166] 89 27
MS[167] 129 79
MS[168] 16 73
MS[169] 31 66
MS[170] 136 28
MS[171] 136 40
MS[172] 47 18
MS[173] 54 3
MS[174] 71 111
MS[175] 46 97
MS[176] 76 25
MS[177] 78 23
MS[178] 39 94
MS[179] 51 8
MS[180] 19 42
MS[181] 73 98
MS[182] 41 95
MS[183] 108 65
MS[184] 91 40
MS[185] 11 32
MS[186] 135 62
MS[187] 4 48
MS[188] 48 57
MS[189] 90 122
MS[190] 110 44
MS[191] 32 105
MS[192] 18 103
MS[193] 89 71
MS[194] 145 78
MS[195] 50 77
MS[196] 74 87
MS[197] 140 79
MS[198] 37 90
MS[199] 114 51
MS[200] 99 56
MS[201] 29 72
MS[202] 56 21
MS[203] 77 53
MS[204] 123 20
MS[205] 69 15
MS[206] 105 92
MS[207] 136 69
MS[208] 143 59
MS[209] 117 51
MS[210] 108 62
MS[211] 134 84
MS[212] 137 40
MS[213] 14 89
MS[214] 0 68
MS[215] 98 7
MS[216] 10 84
MS[217] 128 3
MS[218] 45 95
MS[219] 54 0
MS[220] 115 12
MS[221] 115 23
MS[222] 52 99
MS[223] 9 39
MS[224] 5 38
MS[225] 54 98
MS[226] 13 54
MS[227] 16 111
MS[228] 97 91
MS[229] 81 45
MS[230] 88 38
MS[231] 97 53
MS[232] 102 62
MS[233] 129 4
MS[234] 95 106
MS[235] 20 78
MS[236] 81 75
MS[237] 31 95
MS[238] 23 107
MS[239] 86 105
MS[240] 54 77
MS[241] 116 11
MS[242] 54 30
MS[243] 52 51
MS[244] 136 57
MS[245] 54 32
MS[246] 110 99
MS[247] 104 39
MS[248] 134 105
MS[249] 115 21
MS[250] 14 19
MS[251] 98 111
MS[252] 11 92
MS[253] 55 125
MS[254] 43 73
MS[255] 102 56
MS[256] 74 56
MS[257] 93 33
MS[258] 11 95
MS[259] 79 21
MS[260] 98 103
MS[261] 144 60
MS[262] 49 96
MS[263] 123 42
MS[264] 64 120
MS[265] 117 22
MS[266] 16 95
MS[267] 116 4
MS[268] 101 38
MS[269] 14 69
MS[270] 79 116
MS[271] 15 97
MS[272] 14 36
MS[273] 7 22
MS[274] 0 82
MS[275] 132 16
MS[276] 27 38
MS[277] 66 45
MS[278] 83 19
MS[279] 36 98
MS[280] 88 116
MS[281] 64 5
MS[282] 115 55
MS[283] 126 32
MS[284] 144 94
MS[285] 146 102
MS[286] 27 105
MS[287] 68 79
MS[288] 140 63
MS[289] 18 28
MS[290] 25 83
MS[291] 40 44
MS[292] 25 59
MS[293] 61 22
MS[294] 25 103
MS[295] 90 68
MS[296] 86 95
MS[297] 139 83
MS[298] 143 26
MS[299] 29 64
MS[300] 74 115
MS[301] 129 99
MS[302] 48 48
MS[303] 46 62
MS[304] 16 29
MS[305] 63 106
MS[306] 0 51
MS[307] 103 41
MS[308] 134 96
MS[309] 142 97
MS[310] 146 66
MS[311] 67 13
MS[312] 56 69
MS[313] 122 57
MS[314] 88 71
MS[315] 120 32
MS[316] 113 10
MS[317] 29 88
MS[318] 124 77
MS[319] 56 88
MS[320] 3 82
MS[321] 10 59
MS[322] 125 40
MS[323] 55 78
MS[324] 66 112
MS[325] 77 12
MS[326] 139 106
MS[327] 100 113
MS[328] 85 6
MS[329] 52 40
MS[330] 31 55
MS[331] 25 42
MS[332] 71 85
MS[333] 71 50
MS[334] 40 46
MS[335] 90 5
MS[336] 67 47
MS[337] 135 35
MS[338] 48 51
MS[339] 70 50
MS[340] 67 5
MS[341] 109 21
MS[342] 52 63
MS[343] 129 25
MS[344] 148 50
MS[345] 75 38
MS[346] 148 67
MS[347] 142 51
MS[348] 32 62
MS[349] 101 99
MS[350] 68 112
MS[351] 41 89
MS[352] 146 93
MS[353] 55 126
MS[354] 20 53
MS[355] 13 89
MS[356] 44 30
MS[357] 20 47
MS[358] 127 4
MS[359] 45 97
MS[360] 116 68
MS[361] 69 56
MS[362] 51 18
MS[363] 93 71
MS[364] 71 74
MS[365] 53 83
MS[366] 15 77
MS[367] 99 27
MS[368] 141 99
MS[369] 103 18
MS[370] 126 72
MS[371] 63 100
MS[372] 146 80
MS[373] 5 50
MS[374] 62 49
MS[375] 51 35
MS[376] 69 57
MS[377] 105 37
MS[378] 29 94
MS[379] 71 24
MS[380] 53 110
MS[381] 35 32
MS[382] 101 63
MS[383] 65 3
MS[384] 147 35
MS[385] 105 114
MS[386] 61 108
MS[387] 8 61
MS[388] 18 59
MS[389] 116 52
MS[390] 26 47
MS[391] 48 98
MS[392] 124 3
MS[393] 110 9
MS[394] 124 95
MS[395] 98 27
MS[396] 75 105
MS[397] 43 38
MS[398] 63 43
MS[399] 15 51
MS[400] 5 93
MS[401] 99 105
MS[402] 41 73
MS[403] 108 53
MS[404] 134 46
MS[405] 17 108
MS[406] 141 47
MS[407] 66 63
MS[408] 36 69
MS[409] 53 121
MS[410] 22 68
MS[411] 23 79
MS[412] 11 24
MS[413] 34 105
MS[414] 149 44
MS[415] 143 77
MS[416] 143 36
MS[417] 26 44
MS[418] 28 54
MS[419] 71 80
MS[420] 143 90
MS[421] 61 16
MS[422] 64 49
MS[423] 56 53
MS[424] 74 123
MS[425] 79 99
MS[426] 85 55
MS[427] 138 78
MS[428] 146 101
MS[429] 61 57
MS[430] 43 57
MS[431] 107 2
MS[432] 55 3
MS[433] 4 56
MS[434] 57 107
MS[435] 139 46
MS[436] 87 37
MS[437] 67 39
MS[438] 49 37
MS[439] 21 103
MS[440] 16 50
MS[441] 120 20
MS[442] 14 38
MS[443] 84 116
MS[444] 87 58
MS[445] 22 115
MS[446] 74 71
MS[447] 55 93
MS[448] 130 60
MS[449] 69 42
MS[450] 47 114
MS[451] 124 65
MS[452] 105 94
MS[453] 104 94
MS[454] 54 126
MS[455] 99 16
MS[456] 124 79
MS[457] 23 24
MS[458] 87 122
MS[459] 138 84
MS[460] 139 24
MS[461] 90 104
MS[462] 67 65
MS[463] 54 24
MS[464] 128 61
MS[465] 20 82
MS[466] 105 59
MS[467] 76 115
MS[468] 37 66
MS[469] 87 77
MS[470] 4 91
MS[471] 82 71
MS[472] 58 3
MS[473] 129 14
MS[474] 79 9
MS[475] 75 1
MS[476] 128 103
MS[477] 12 35
MS[478] 49 95
MS[479] 69 86
MS[480] 66 64
MS[481] 135 70
MS[482] 57 119
MS[483] 123 22
MS[484] 129 52
MS[485] 32 106
MS[486] 54 25
MS[487] 129 88
MS[488] 69 43
MS[489] 26 36
MS[490] 148 75
MS[491] 49 68
MS[492] 33 105
MS[493] 17 64
MS[494] 60 101
MS[495] 100 7
MS[496] 51 125
MS[497] 108 101
MS[498] 50 44
MS[499] 70 113
MS[500] 141 98
MS[501] 111 44
MS[502] 91 7
MS[503] 71 63
MS[504] 59 92
MS[505] 131 87
MS[506] 95 51
MS[507] 3 48
MS[508] 57 121
MS[509] 144 100
MS[510] 85 77
MS[511] 131 26
MS[512] 100 95
MS[513] 33 56
MS[514] 65 128
MS[515] 26 88
MS[516] 35 77
MS[517] 66 92
MS[518] 48 60
MS[519] 101 48
MS[520] 6 37
MS[521] 115 65
MS[522] 86 76
MS[523] 34 82
MS[524] 67 2
MS[525] 77 18
MS[526] 115 22
MS[527] 90 66
MS[528] 5 52
MS[529] 117 62
MS[530] 123 44
MS[531] 89 122
MS[532] 23 100
MS[533] 27 67
MS[534] 98 89
MS[535] 97 63
MS[536] 8 57
MS[537] 39 33
MS[538] 102 30
MS[539] 5 27
MS[540] 33 62
MS[541] 38 60
MS[542] 32 100
MS[543] 45 48
MS[544] 71 45
MS[545] 138 19
MS[546] 57 42
MS[547] 122 41
MS[548] 37 63
MS[549] 44 8
MS[550] 120 56
MS[551] 60 14
MS[552] 70 19
MS[553] 108 110
MS[554] 89 91
MS[555] 4 106
MS[556] 17 51
MS[557] 139 85
MS[558] 80 33
MS[559] 63 104
MS[560] 51 33
MS[561] 10 80
MS[562] 127 66
MS[563] 149 89
MS[564] 80 69
MS[565] 11 90
MS[566] 29 78
MS[567] 133 21
MS[568] 147 75
MS[569] 23 67
MS[570] 126 12
MS[571] 54 108
MS[572] 81 11
MS[573] 5 34
MS[574] 114 74
MS[575] 133 15
MS[576] 65 115
MS[577] 84 76
MS[578] 107 16
MS[579] 4 90
MS[580] 37 75
MS[581] 0 30
MS[582] 3 29
MS[583] 43 58
MS[584] 39 43
MS[585] 54 113
MS[586] 83 72
MS[587] 29 66
MS[588] 87 95
MS[589] 84 22
MS[590] 21 41
MS[591] 38 78
MS[592] 63 56
MS[593] 20 67
MS[594] 49 62
MS[595] 1 105
MS[596] 52 17
MS[597] 39 14
MS[598] 51 72
MS[599] 41 92
MS[600] 36 68
MS[601] 105 70
MS[602] 9 106
MS[603] 25 27
MS[604] 92 105
MS[605] 123 67
MS[606] 131 64
MS[607] 133 9
MS[608] 71 104
MS[609] 124 25
MS[610] 78 80
MS[611] 89 43
MS[612] 79 45
MS[613] 1 41
MS[614] 48 40
MS[615] 141 73
MS[616] 40 90
MS[617] 119 7
MS[618] 142 93
MS[619] 75 31
MS[620] 92 0
MS[621] 66 32
MS[622] 84 32
MS[623] 2 101
MS[624] 28 50
MS[625] 124 0
MS[626] 44 14
MS[627] 52 111
MS[628] 39 96
MS[629] 69 84
MS[630] 84 123
MS[631] 148 82
MS[632] 9 45
MS[633] 147 99
MS[634] 2 55
MS[635] 87 43
MS[636] 55 111
MS[637] 85 75
MS[638] 104 11
MS[639] 112 16
MS[640] 108 70
MS[641] 106 7
MS[642] 71 117
MS[643] 31 73
MS[644] 75 22
MS[645] 68 12
MS[646] 66 76
MS[647] 93 56
MS[648] 69 90
MS[649] 126 97
MS[650] 53 27
MS[651] 7 67
MS[652] 18 56
MS[653] 34 93
MS[654] 78 4
MS[655] 106 46
MS[656] 132 49
MS[657] 4 23
MS[658] 15 60
MS[659] 111 69
MS[660] 94 115
MS[661] 128 75
MS[662] 121 3
MS[663] 78 38
MS[664] 102 94
MS[665] 122 1
MS[666] 122 25
MS[667] 60 21
MS[668] 147 71
MS[669] 7 99
MS[670] 67 59
MS[671] 122 55
MS[672] 32 108
MS[673] 93 40
MS[674] 65 20
MS[675] 119 27
MS[676] 20 39
MS[677] 61 120
MS[678] 20 58
MS[679] 60 10
MS[680] 138 32
MS[681] 117 56
MS[682] 125 103
MS[683] 148 59
MS[684] 100 57
MS[685] 110 15
MS[686] 16 75
MS[687] 121 36
MS[688] 29 103
MS[689] 62 58
MS[690] 100 112
MS[691] 117 63
MS[692] 120 19
MS[693] 1 80
MS[694] 74 122
MS[695] 123 15
MS[696] 51 4
MS[697] 114 68
MS[698] 73 85
MS[699] 42 37
MS[700] 143 44
MS[701] 107 58
MS[702] 78 117
MS[703] 47 107
MS[704] 6 46
MS[705] 61 119
MS[706] 126 14
MS[707] 55 48
MS[708] 62 7
MS[709] 23 23
MS[710] 81 44
MS[711] 89 78
MS[712] 74 119
MS[713] 69 117
MS[714] 99 14
MS[715] 29 101
MS[716] 39 57
MS[717] 132 79
MS[718] 111 5
MS[719] 66 85
MS[720] 35 57
MS[721] 13 87
MS[722] 24 88
MS[723] 144 82
MS[724] 84 10
MS[725] 14 20
MS[726] 73 48
MS[727] 1 34
MS[728] 53 5
MS[729] 77 21
MS[730] 78 6
MS[731] 101 4
MS[732] 146 60
MS[733] 88 77
MS[734] 139 109
MS[735] 121 74
MS[736] 21 102
MS[737] 135 77
MS[738] 48 90
MS[739] 13 75
MS[740] 96 94
MS[741] 9 46
MS[742] 99 51
MS[743] 57 71
MS[744] 75 117
MS[745] 130 106
MS[746] 98 10
MS[747] 138 50
MS[748] 95 104
MS[749] 4 49
MS[750] 36 101
MS[751] 46 98
MS[752] 51 107
MS[753] 118 78
MS[754] 88 43
MS[755] 45 58
MS[756] 44 77
MS[757] 66 122
MS[758] 60 15
MS[759] 133 69
MS[760] 145 65
MS[761] 16 28
MS[762] 28 52
MS[763] 61 78
MS[764] 7 51
MS[765] 109 68
MS[766] 31 78
MS[767] 145 76
MS[768] 63 24
MS[769] 52 52
MS[770] 145 68
MS[771] 132 50
MS[772] 4 45
MS[773] 141 65
MS[774] 56 127
MS[775] 66 88
MS[776] 107 107
MS[777] 133 102
MS[778] 85 46
MS[779] 126 34
MS[780] 131 89
MS[781] 82 33
MS[782] 142 77
MS[783] 4 26
MS[784] 89 33
MS[785] 82 80
MS[786] 146 73
MS[787] 79 103
MS[788] 82 63
MS[789] 108 17
MS[790] 76 35
MS[791] 78 68
MS[792] 14 82
MS[793] 146 44
MS[794] 21 85
MS[795] 129 5
MS[796] 15 101
MS[797] 92 46
MS[798] 52 27
MS[799] 85 10
MS[800] 96 96
MS[801] 141 72
MS[802] 136 70
MS[803] 42 52
MS[804] 54 39
MS[805] 148 76
MS[806] 133 42
MS[807] 45 8
MS[808] 107 17
MS[809] 71 42
MS[810] 145 67
MS[811] 140 31
MS[812] 84 13
MS[813] 123 82
MS[814] 33 98
MS[815] 51 62
MS[816] 91 0
MS[817] 68 17
MS[818] 50 41
MS[819] 2 93
MS[820] 120 38
MS[821] 139 48
MS[822] 80 74
MS[823] 41 30
MS[824] 116 15
MS[825] 137 86
MS[826] 85 37
MS[827] 29 87
MS[828] 63 46
MS[829] 61 5
MS[830] 146 98
MS[831] 68 123
MS[832] 133 98
MS[833] 126 1
MS[834] 87 101
MS[835] 141 95
MS[836] 44 54
MS[837] 47 112
MS[838] 97 52
MS[839] 101 60
MS[840] 57 106
MS[841] 98 105
MS[842] 17 107
MS[843] 91 33
MS[844] 25 80
MS[845] 46 74
MS[846] 119 38
MS[847] 20 65
MS[848] 144 64
MS[849] 63 42
MS[850] 94 29
MS[851] 122 54
MS[852] 38 70
MS[853] 85 7
MS[854] 8 77
MS[855] 6 106
MS[856] 46 73
MS[857] 93 41
MS[858] 135 66
MS[859] 147 92
MS[860] 65 45
MS[861] 95 56
MS[862] 45 40
MS[863] 117 16
MS[864] 10 57
MS[865] 4 31
MS[866] 48 47
MS[867] 75 46
MS[868] 51 86
MS[869] 54 117
MS[870] 26 102
MS[871] 2 100
MS[872] 67 12
MS[873] 59 67
MS[874] 140 64
MS[875] 0 74
MS[876] 104 101
MS[877] 23 81
MS[878] 63 122
MS[879] 68 36
MS[880] 121 50
MS[881] 21 62
MS[882] 48 61
MS[883] 10 50
MS[884] 63 77
MS[885] 46 6
MS[886] 132 43
MS[887] 133 94
MS[888] 49 98
MS[889] 66 117
MS[890] 17 110
MS[891] 2 105
MS[892] 68 126
MS[893] 105 2
MS[894] 77 44
MS[895] 101 59
MS[896] 117 61
MS[897] 100 2
MS[898] 117 40
MS[899] 116 36
MS[900] 43 19
MS[901] 47 26
MS[902] 94 3
MS[903] 97 101
MS[904] 57 24
MS[905] 145 60
MS[906] 135 82
MS[907] 61 103
MS[908] 45 63
MS[909] 7 103
MS[910] 62 10
MS[911] 130 81
MS[912] 102 96
MS[913] 20 103
MS[914] 19 63
MS[915] 25 71
MS[916] 70 21
MS[917] 126 17
MS[918] 101 108
MS[919] 21 91
MS[920] 2 84
MS[921] 67 106
MS[922] 111 0
MS[923] 43 26
MS[924] 48 85
MS[925] 130 72
MS[926] 72 73
MS[927] 40 68
MS[928] 2 43
MS[929] 26 85
MS[930] 92 100
MS[931] 36 108
MS[932] 131 6
MS[933] 79 37
MS[934] 80 102
MS[935] 121 75
MS[936] 104 49
MS[937] 72 40
MS[938] 131 5
MS[939] 44 71
MS[940] 70 37
MS[941] 144 103
MS[942] 55 118
MS[943] 126 88
MS[944] 26 71
MS[945] 44 7
MS[946] 108 68
MS[947] 141 38
MS[948] 73 14
MS[949] 15 27
MS[950] 68 45
MS[951] 18 65
MS[952] 51 89
MS[953] 149 96
MS[954] 116 63
MS[955] 134 37
MS[956] 51 92
MS[957] 8 42
MS[958] 56 48
MS[959] 62 22
MS[960] 128 101
MS[961] 84 117
MS[962] 36 77
MS[963] 17 63
MS[964] 7 48
MS[965] 138 37
MS[966] 5 29
MS[967] 59 89
MS[968] 146 96
MS[969] 69 8
MS[970] 71 34
MS[971] 135 79
MS[972] 73 10
MS[973] 93 97
MS[974] 16 90
MS[975] 121 21
MS[976] 117 50
MS[977] 9 24
MS[978] 79 121
MS[979] 72 109
MS[980] 126 91
MS[981] 89 111
MS[982] 20 36
MS[983] 69 6
MS[984] 143 89
MS[985] 1 72
MS[986] 50 81
MS[987] 101 36
MS[988] 121 23
MS[989] 145 97
MS[990] 23 108
MS[991] 63 45
MS[992] 81 54
MS[993] 11 52
MS[994] 145 88
MS[995] 148 40
MS[996] 16 65
MS[997] 70 117
MS[998] 3 41
MS[999] 138 59
MS[1000] 136 99
MS[1001] 97 9
MS[1002] 110 62
MS[1003] 54 93
MS[1004] 139 42
MS[1005] 17 40
MS[1006] 39 97
MS[1007] 85 107
MS[1008] 126 15
MS[1009] 78 104
MS[1010] 140 25
MS[1011] 15 100
MS[1012] 88 122
MS[1013] 35 52
MS[1014] 140 47
MS[1015] 118 66
MS[1016] 77 46
MS[1017] 124 36
MS[1018] 8 66
MS[1019] 70 0
MS[1020] 58 106
MS[1021] 132 93
MS[1022] 8 55
MS[1023] 113 59
MS[1024] 90 110
MS[1025] 6 99
MS[1026] 71 32
MS[1027] 38 94
MS[1028] 146 46
MS[1029] 10 67
MS[1030] 38 79
MS[1031] 61 89
MS[1032] 2 73
MS[1033] 104 13
MS[1034] 102 12
MS[1035] 15 75
MS[1036] 45 53
MS[1037] 20 41
MS[1038] 1 82
MS[1039] 10 100
MS[1040] 83 118
MS[1041] 123 24
MS[1042] 99 17
MS[1043] 133 10
MS[1044] 8 37
MS[1045] 136 107
MS[1046] 66 48
MS[1047] 58 119
MS[1048] 121 72
MS[1049] 109 103
MS[1050] 89 9
MS[1051] 148 53
MS[1052] 103 6
MS[1053] 114 4
MS[1054] 40 74
MS[1055] 26 76
MS[1056] 19 67
MS[1057] 2 35
MS[1058] 129 21
MS[1059] 61 14
MS[1060] 71 67
MS[1061] 45 20
MS[1062] 9 73
MS[1063] 97 3
MS[1064] 90 30
MS[1065] 28 99
MS[1066] 22 40
MS[1067] 147 106
MS[1068] 140 58
MS[1069] 121 17
MS[1070] 135 42
MS[1071] 41 83
MS[1072] 6 107
MS[1073] 115 16
MS[1074] 82 62
MS[1075] 71 65
MS[1076] 64 11
MS[1077] 12 34
MS[1078] 74 32
MS[1079] 139 71
MS[1080] 48 16
MS[1081] 71 9
MS[1082] 6 36
MS[1083] 61 54
MS[1084] 60 73
MS[1085] 88 114
MS[1086] 10 64
MS[1087] 48 52
MS[1088] 38 89
MS[1089] 83 69
MS[1090] 3 34
MS[1091] 86 109
MS[1092] 22 88
MS[1093] 8 94
MS[1094] 149 67
MS[1095] 130 76
MS[1096] 126 16
MS[1097] 99 37
MS[1098] 122 61
MS[1099] 13 112
MS[1100] 61 112
MS[1101] 75 67
MS[1102] 105 58
MS[1103] 85 118
MS[1104] 43 100
MS[1105] 138 21
MS[1106] 67 105
MS[1107] 82 5
MS[1108] 127 27
MS[1109] 52 98
MS[1110] 54 23
MS[1111] 43 98
MS[1112] 2 86
MS[1113] 100 42
MS[1114] 9 69
MS[1115] 49 91
MS[1116] 75 78
MS[1117] 20 105
MS[1118] 90 119
MS[1119] 0 92
MS[1120] 77 7
MS[1121] 105 31
MS[1122] 60 24
MS[1123] 103 114
MS[1124] 99 31
MS[1125] 103 1
MS[1126] 68 91
MS[1127] 73 90
MS[1128] 65 91
MS[1129] 75 98
MS[1130] 69 91
MS[1131] 69 87
MS[1132] 76 99
MS[1133] 70 86
MS[1134] 75 89
MS[1135] 63 89
MS[1136] 72 86
MS[1137] 70 92
MS[1138] 65 93
MS[1139] 68 93
MS[1140] 76 97
MS[1141] 129 69
MS[1142] 121 69
MS[1143] 128 72
MS[1144] 121 66
MS[1145] 129 64
MS[1146] 122 68
MS[1147] 127 75
MS[1148] 124 66
MS[1149] 125 63
MS[1150] 131 68
MS[1151] 121 73
MS[1152] 124 71
MS[1153] 128 64
MS[1154] 118 63
MS[1155] 132 65
MS[1156] 20 48
MS[1157] 21 46
MS[1158] 20 51
MS[1159] 28 47
MS[1160] 31 56
MS[1161] 19 49
MS[1162] 26 54
MS[1163] 27 50
MS[1164] 26 60
MS[1165] 27 47
MS[1166] 27 58
MS[1167] 24 57
MS[1168] 31 59
MS[1169] 27 56
MS[1170] 22 48
MS[1171] 100 33
MS[1172] 100 26
MS[1173] 101 29
MS[1174] 105 30
MS[1175] 101 28
MS[1176] 112 23
MS[1177] 107 32
MS[1178] 102 32
MS[1179] 104 34
MS[1180] 100 27
MS[1181] 102 33
MS[1182] 103 35
MS[1183] 111 23
MS[1184] 98 32
MS[1185] 104 29
MS[1186] 12 49
MS[1187] 126 81
MS[1188] 75 25
MS[1189] 44 89
MS[1190] 13 94
MS[1191] 140 105
MS[1192] 0 38
MS[1193] 20 64
MS[1194] 87 49
MS[1195] 48 14
MS[1196] 103 103
MS[1197] 60 80
MS[1198] 128 104
MS[1199] 19 43
MS[1200] 49 99
MS[1201] 104 91
MS[1202] 55 94
MS[1203] 27 64
MS[1204] 66 11
MS[1205] 56 60
MS[1206] 70 43
MS[1207] 134 100
MS[1208] 51 84
MS[1209] 90 48
MS[1210] 55 59
MS[1211] 14 104
MS[1212] 8 20
MS[1213] 97 115
MS[1214] 30 83
MS[1215] 37 86
MS[1216] 24 70
MS[1217] 56 29
MS[1218] 132 48
MS[1219] 129 22
MS[1220] 19 34
MS[1221] 107 70
MS[1222] 55 104
MS[1223] 125 100
MS[1224] 15 58
MS[1225] 24 49
MS[1226] 126 100
MS[1227] 77 77
MS[1228] 46 112
MS[1229] 126 25
MS[1230] 134 47
MS[1231] 56 87
MS[1232] 140 65
MS[1233] 59 57
MS[1234] 52 114
MS[1235] 63 79
MS[1236] 29 114
MS[1237] 143 50
MS[1238] 131 70
MS[1239] 30 79
MS[1240] 84 58
MS[1241] 105 66
MS[1242] 76 13
MS[1243] 70 66
MS[1244] 16 35
MS[1245] 12 97
MS[1246] 50 32
MS[1247] 111 62
MS[1248] 92 118
MS[1249] 33 99
MS[1250] 86 120
MS[1251] 88 57
MS[1252] 68 66
MS[1253] 104 43
MS[1254] 96 9
MS[1255] 80 126
MS[1256] 121 31
MS[1257] 28 61
MS[1258] 136 22
MS[1259] 37 67
MS[1260] 65 33
MS[1261] 132 13
MS[1262] 140 62
MS[1263] 139 79
MS[1264] 137 84
MS[1265] 103 10
MS[1266] 122 7
MS[1267] 114 52
MS[1268] 69 109
MS[1269] 82 70
MS[1270] 149 58
MS[1271] 58 56
MS[1272] 23 74
MS[1273] 86 97
MS[1274] 100 30
MS[1275] 58 84
MS[1276] 147 66
MS[1277] 125 92
MS[1278] 64 85
MS[1279] 9 61
MS[1280] 134 95
MS[1281] 8 106
MS[1282] 16 80
MS[1283] 64 67
MS[1284] 4 61
MS[1285] 134 64
MS[1286] 58 75
MS[1287] 96 108
MS[1288] 64 7
MS[1289] 19 100
MS[1290] 5 79
MS[1291] 57 93
MS[1292] 66 4
MS[1293] 66 86
MS[1294] 42 88
MS[1295] 56 111
MS[1296] 130 82
MS[1297] 132 36
MS[1298] 100 56
MS[1299] 100 40
MS[1300] 20 59
MS[1301] 35 86
MS[1302] 75 7
MS[1303] 20 109
MS[1304] 46 52
MS[1305] 99 39
MS[1306] 129 41
MS[1307] 133 79
MS[1308] 40 18
MS[1309] 68 5
MS[1310] 22 45
MS[1311] 64 113
MS[1312] 125 27
MS[1313] 39 68
MS[1314] 109 57
MS[1315] 70 55
MS[1316] 36 72
MS[1317] 41 66
MS[1318] 47 22
MS[1319] 92 104
MS[1320] 32 77
MS[1321] 97 7
MS[1322] 127 62
MS[1323] 142 58
MS[1324] 9 79
MS[1325] 3 50
MS[1326] 64 89
MS[1327] 83 6
MS[1328] 23 42
MS[1329] 141 55
MS[1330] 38 93
MS[1331] 31 72
MS[1332] 53 24
MS[1333] 45 100
MS[1334] 66 0
MS[1335] 39 34
MS[1336] 76 103
MS[1337] 42 35
MS[1338] 73 20
MS[1339] 16 108
MS[1340] 74 99
MS[1341] 137 36
MS[1342] 69 77
MS[1343] 66 10
MS[1344] 124 37
MS[1345] 124 67
MS[1346] 46 57
MS[1347] 141 68
MS[1348] 16 76
MS[1349] 86 21
MS[1350] 65 112
MS[1351] 51 37
MS[1352] 45 72
MS[1353] 26 86
MS[1354] 5 67
MS[1355] 47 12
MS[1356] 49 63
MS[1357] 85 15
MS[1358] 90 46
MS[1359] 96 93
MS[1360] 124 91
MS[1361] 45 71
MS[1362] 35 92
MS[1363] 22 108
MS[1364] 25 58
MS[1365] 13 73
MS[1366] 56 19
MS[1367] 98 96


"Macro-0" 23 101 15 21
"Macro-1" 11 94 15 21
"Macro-2" 5 80 15 21
"Macro-3" 14 52 15 21
"Macro-4" 13 33 15 21
"Macro-5" 25 78 15 21
"Macro-6" 41 65 15 21
"Macro-7" 46 86 15 21
"Macro-8" 48 25 15 21
"Macro-9" 52 49 15 21
"Macro-10" 54 15 15 21
"Macro-11" 60 114 15 21
"Macro-12" 64 79 15 21
"Macro-13" 73 45 15 21
"Macro-14" 75 11 15 21
"Macro-15" 80 111 15 21
"Macro-16" 79 68 15 21
"Macro-17" 94 39 15 21
"Macro-18" 96 103 15 21
"Macro-19" 103 3 15 21
"Macro-20" 108 56 15 21
"Macro-21" 120 12 15 21
"Macro-22" 127 68 15 21
"Macro-23" 129 31 15 21
"Macro-24" 137 95 15 21
"Macro-25" 140 48 15 21
"Macro-26" 146 81 15 21
"Macro-27" 146 64 15 21


"Femto-0" 27 53 1 6
"Femto-1" 29 74 1 6
"Femto-2" 59 48 1 6
"Femto-3" 70 93 1 6
"Femto-4" 66 35 1 6
"Femto-5" 78 83 1 6
"Femto-6" 79 56 1 6
"Femto-7" 105 29 1 6
"Femto-8" 106 77 1 6
"Femto-9" 125 68 1 6


plot "coordinates.txt" index 1:1 using 2:3 title "Macros" with points, "coordinates.txt" index 2:2 using 2:3 title "Femtos" with points, "coordinates.txt" index 1:1 using 2:3:4 title "Macros" with circles, "coordinates.txt" index 2:2 using 2:3:4 title "Femtos" with circles, "coordinates.txt" index 0:0 using 2:3 title "UEs" with points