#BS34MS1540BP0.07
MS[0] 834 993
MS[1] 860 1435
MS[2] 1044 1458
MS[3] 766 845
MS[4] 1161 1110
MS[5] 874 1152
MS[6] 896 1265
MS[7] 944 1142
MS[8] 1217 955
MS[9] 1206 900
MS[10] 812 1079
MS[11] 783 866
MS[12] 828 1374
MS[13] 1427 857
MS[14] 1075 760
MS[15] 1201 1200
MS[16] 1041 1413
MS[17] 1235 1436
MS[18] 1370 1252
MS[19] 962 1006
MS[20] 783 1108
MS[21] 770 1078
MS[22] 850 1338
MS[23] 1385 1307
MS[24] 839 1447
MS[25] 986 872
MS[26] 812 1165
MS[27] 1496 1489
MS[28] 672 1703
MS[29] 1251 619
MS[30] 1739 1468
MS[31] 1514 1282
MS[32] 879 635
MS[33] 1342 679
MS[34] 921 517
MS[35] 1223 570
MS[36] 1598 905
MS[37] 678 1311
MS[38] 617 661
MS[39] 1103 541
MS[40] 640 1165
MS[41] 515 1702
MS[42] 1665 1403
MS[43] 1297 1658
MS[44] 745 991
MS[45] 586 743
MS[46] 1515 1488
MS[47] 1572 871
MS[48] 902 682
MS[49] 633 1305
MS[50] 1582 582
MS[51] 1461 518
MS[52] 1515 1328
MS[53] 588 1715
MS[54] 1593 1604
MS[55] 1452 630
MS[56] 702 1411
MS[57] 534 886
MS[58] 1590 1039
MS[59] 939 521
MS[60] 1614 1493
MS[61] 1737 1456
MS[62] 1346 653
MS[63] 1586 1251
MS[64] 796 640
MS[65] 1240 1612
MS[66] 1377 684
MS[67] 1009 627
MS[68] 1535 675
MS[69] 1656 593
MS[70] 1133 599
MS[71] 508 787
MS[72] 529 1539
MS[73] 542 591
MS[74] 1692 844
MS[75] 223 788
MS[76] 1939 259
MS[77] 282 1260
MS[78] 323 1470
MS[79] 261 409
MS[80] 711 340
MS[81] 1863 614
MS[82] 1759 731
MS[83] 332 580
MS[84] 790 456
MS[85] 322 886
MS[86] 409 1500
MS[87] 1918 1126
MS[88] 1784 107
MS[89] 278 664
MS[90] 334 377
MS[91] 1791 466
MS[92] 441 1641
MS[93] 1693 432
MS[94] 336 126
MS[95] 114 1047
MS[96] 271 186
MS[97] 879 113
MS[98] 1089 353
MS[99] 231 108
MS[100] 1621 128
MS[101] 1929 220
MS[102] 204 39
MS[103] 1504 348
MS[104] 309 178
MS[105] 500 1409
MS[106] 1102 186
MS[107] 413 1071
MS[108] 1295 430
MS[109] 500 1619
MS[110] 665 335
MS[111] 452 1311
MS[112] 130 133
MS[113] 430 1394
MS[114] 220 591
MS[115] 296 858
MS[116] 442 828
MS[117] 176 1043
MS[118] 1764 226
MS[119] 108 840
MS[120] 384 566
MS[121] 1919 1223
MS[122] 1247 244
MS[123] 1793 1362
MS[124] 184 933
MS[125] 1902 423
MS[126] 1822 1193
MS[127] 119 1311
MS[128] 159 1173
MS[129] 44 240
MS[130] 908 299
MS[131] 179 245
MS[132] 414 1098
MS[133] 1808 327
MS[134] 1954 762
MS[135] 1634 105
MS[136] 455 1511
MS[137] 313 263
MS[138] 453 346
MS[139] 178 753
MS[140] 469 737
MS[141] 281 739
MS[142] 1552 490
MS[143] 620 380
MS[144] 1007 264
MS[145] 922 310
MS[146] 129 1237
MS[147] 383 893
MS[148] 1681 132
MS[149] 1830 532
MS[150] 808 100
MS[151] 1061 396
MS[152] 439 489
MS[153] 439 1311
MS[154] 156 927
MS[155] 1902 596
MS[156] 466 574
MS[157] 1234 319
MS[158] 130 1452
MS[159] 1610 138
MS[160] 1830 1046
MS[161] 1893 1071
MS[162] 1152 182
MS[163] 345 45
MS[164] 1705 470
MS[165] 1877 439
MS[166] 1756 536
MS[167] 276 325
MS[168] 311 1307
MS[169] 1179 386
MS[170] 233 549
MS[171] 319 1350
MS[172] 245 407
MS[173] 349 525
MS[174] 1947 1222
MS[175] 30 1320
MS[176] 1956 1386
MS[177] 62 1317
MS[178] 1895 1375
MS[179] 1924 832
MS[180] 1830 839
MS[181] 112 1411
MS[182] 1963 689
MS[183] 397 1171
MS[184] 1215 463
MS[185] 687 482
MS[186] 953 209
MS[187] 1772 83
MS[188] 1961 254
MS[189] 67 328
MS[190] 1087 307
MS[191] 1623 267
MS[192] 1893 392
MS[193] 1319 330
MS[194] 526 366
MS[195] 852 128
MS[196] 219 455
MS[197] 1616 221
MS[198] 1031 426
MS[199] 213 1369
MS[200] 421 159
MS[201] 685 285
MS[202] 382 109
MS[203] 1886 402
MS[204] 1988 769
MS[205] 335 674
MS[206] 209 504
MS[207] 1664 224
MS[208] 1761 1433
MS[209] 118 411
MS[210] 270 274
MS[211] 1817 974
MS[212] 15 214
MS[213] 1896 797
MS[214] 1939 593
MS[215] 1803 1175
MS[216] 1971 198
MS[217] 1881 1321
MS[218] 112 689
MS[219] 1755 791
MS[220] 1076 175
MS[221] 939 197
MS[222] 399 456
MS[223] 101 1343
MS[224] 1944 622
MS[225] 201 137
MS[226] 445 1062
MS[227] 814 434
MS[228] 170 549
MS[229] 1856 357
MS[230] 769 182
MS[231] 1462 272
MS[232] 343 922
MS[233] 910 250
MS[234] 255 1028
MS[235] 1785 788
MS[236] 484 234
MS[237] 495 1385
MS[238] 1847 95
MS[239] 435 696
MS[240] 282 8
MS[241] 282 633
MS[242] 1330 444
MS[243] 1168 320
MS[244] 599 481
MS[245] 287 389
MS[246] 442 1072
MS[247] 1915 910
MS[248] 251 644
MS[249] 1857 671
MS[250] 279 1452
MS[251] 177 1220
MS[252] 665 353
MS[253] 1616 287
MS[254] 321 689
MS[255] 1941 609
MS[256] 324 570
MS[257] 1807 312
MS[258] 1873 877
MS[259] 270 339
MS[260] 1808 660
MS[261] 433 1659
MS[262] 305 1295
MS[263] 3 1253
MS[264] 1589 334
MS[265] 846 492
MS[266] 412 657
MS[267] 197 1080
MS[268] 1688 437
MS[269] 288 1376
MS[270] 203 844
MS[271] 1116 233
MS[272] 312 178
MS[273] 1911 110
MS[274] 942 285
MS[275] 1642 48
MS[276] 1925 1365
MS[277] 74 1163
MS[278] 1962 1297
MS[279] 359 420
MS[280] 154 389
MS[281] 1822 710
MS[282] 124 120
MS[283] 107 847
MS[284] 453 728
MS[285] 255 199
MS[286] 1785 1098
MS[287] 238 145
MS[288] 1886 1283
MS[289] 63 171
MS[290] 87 251
MS[291] 330 979
MS[292] 391 1197
MS[293] 763 305
MS[294] 1909 576
MS[295] 311 1115
MS[296] 1858 932
MS[297] 79 731
MS[298] 481 179
MS[299] 1516 410
MS[300] 401 798
MS[301] 264 476
MS[302] 1986 172
MS[303] 1511 343
MS[304] 70 245
MS[305] 641 451
MS[306] 510 480
MS[307] 358 224
MS[308] 253 1009
MS[309] 118 258
MS[310] 400 247
MS[311] 263 1186
MS[312] 1875 174
MS[313] 51 1294
MS[314] 382 1422
MS[315] 1916 1375
MS[316] 1897 1134
MS[317] 1579 447
MS[318] 1255 374
MS[319] 179 1035
MS[320] 1682 345
MS[321] 385 933
MS[322] 1891 902
MS[323] 1302 265
MS[324] 1674 408
MS[325] 1369 362
MS[326] 303 824
MS[327] 833 381
MS[328] 1070 334
MS[329] 375 1068
MS[330] 1239 313
MS[331] 1903 670
MS[332] 1347 390
MS[333] 38 1130
MS[334] 34 222
MS[335] 185 1037
MS[336] 126 579
MS[337] 1844 944
MS[338] 133 893
MS[339] 1548 344
MS[340] 141 672
MS[341] 416 927
MS[342] 365 575
MS[343] 1218 442
MS[344] 1764 1355
MS[345] 1727 351
MS[346] 803 145
MS[347] 313 1185
MS[348] 1779 102
MS[349] 335 746
MS[350] 165 363
MS[351] 982 256
MS[352] 1941 261
MS[353] 424 499
MS[354] 664 447
MS[355] 308 1179
MS[356] 366 201
MS[357] 377 793
MS[358] 1287 380
MS[359] 1877 350
MS[360] 1904 102
MS[361] 1496 368
MS[362] 590 474
MS[363] 1710 425
MS[364] 19 725
MS[365] 103 1076
MS[366] 51 396
MS[367] 489 1026
MS[368] 116 915
MS[369] 431 1204
MS[370] 1074 415
MS[371] 463 1336
MS[372] 1847 1445
MS[373] 223 186
MS[374] 878 333
MS[375] 1500 840
MS[376] 1157 959
MS[377] 1101 948
MS[378] 1016 1222
MS[379] 1092 1167
MS[380] 1083 1481
MS[381] 1109 1431
MS[382] 801 903
MS[383] 1482 1472
MS[384] 972 1354
MS[385] 1090 788
MS[386] 815 1090
MS[387] 915 1343
MS[388] 1321 1385
MS[389] 1187 1320
MS[390] 1476 1039
MS[391] 1041 1233
MS[392] 1248 1493
MS[393] 1431 763
MS[394] 1315 1022
MS[395] 1282 897
MS[396] 1103 890
MS[397] 929 1256
MS[398] 1144 1011
MS[399] 1227 1367
MS[400] 864 816
MS[401] 1405 930
MS[402] 1156 921
MS[403] 873 1078
MS[404] 805 1310
MS[405] 897 881
MS[406] 848 1290
MS[407] 1364 1447
MS[408] 1383 1395
MS[409] 811 1198
MS[410] 1018 1343
MS[411] 1446 1371
MS[412] 833 874
MS[413] 1126 1227
MS[414] 1135 953
MS[415] 1093 1351
MS[416] 1019 1099
MS[417] 881 1426
MS[418] 1270 1004
MS[419] 1104 1426
MS[420] 914 1352
MS[421] 807 1114
MS[422] 1141 1421
MS[423] 1060 1125
MS[424] 1316 1222
MS[425] 923 934
MS[426] 1064 868
MS[427] 905 1147
MS[428] 1094 1282
MS[429] 975 829
MS[430] 1485 1318
MS[431] 1430 1105
MS[432] 1017 810
MS[433] 1131 786
MS[434] 1064 1485
MS[435] 813 1229
MS[436] 1336 870
MS[437] 943 1078
MS[438] 891 1253
MS[439] 1453 807
MS[440] 975 875
MS[441] 991 1390
MS[442] 993 1147
MS[443] 1138 1438
MS[444] 1029 1363
MS[445] 767 1114
MS[446] 1281 1447
MS[447] 1469 798
MS[448] 757 1099
MS[449] 935 1172
MS[450] 1001 919
MS[451] 1118 1194
MS[452] 1247 1260
MS[453] 1048 1300
MS[454] 1418 1374
MS[455] 1425 909
MS[456] 1263 1018
MS[457] 1306 900
MS[458] 956 834
MS[459] 863 973
MS[460] 1299 1395
MS[461] 1020 1268
MS[462] 1443 1027
MS[463] 721 1368
MS[464] 1634 1323
MS[465] 1059 650
MS[466] 816 601
MS[467] 727 1698
MS[468] 1591 998
MS[469] 1275 608
MS[470] 753 717
MS[471] 747 1064
MS[472] 1338 1633
MS[473] 516 615
MS[474] 1720 1216
MS[475] 1366 1725
MS[476] 1595 1594
MS[477] 758 1560
MS[478] 794 740
MS[479] 1699 1041
MS[480] 520 1224
MS[481] 648 573
MS[482] 1106 542
MS[483] 1323 1589
MS[484] 657 905
MS[485] 1674 626
MS[486] 1621 1332
MS[487] 1306 679
MS[488] 760 1693
MS[489] 1614 1567
MS[490] 1376 629
MS[491] 1530 885
MS[492] 641 1355
MS[493] 611 989
MS[494] 621 535
MS[495] 546 707
MS[496] 509 1077
MS[497] 1461 1539
MS[498] 1733 819
MS[499] 650 1400
MS[500] 1673 656
MS[501] 1295 534
MS[502] 622 1117
MS[503] 1634 1381
MS[504] 1635 1369
MS[505] 638 1617
MS[506] 1688 1254
MS[507] 1266 1512
MS[508] 1668 1092
MS[509] 1223 654
MS[510] 1271 607
MS[511] 625 742
MS[512] 806 1505
MS[513] 1510 1678
MS[514] 1620 1393
MS[515] 1525 1083
MS[516] 1560 1507
MS[517] 1006 637
MS[518] 1483 704
MS[519] 581 823
MS[520] 577 1171
MS[521] 1281 1698
MS[522] 746 869
MS[523] 501 987
MS[524] 1453 1561
MS[525] 743 1013
MS[526] 1633 869
MS[527] 1502 1517
MS[528] 945 579
MS[529] 669 669
MS[530] 1525 1381
MS[531] 1504 1526
MS[532] 551 1326
MS[533] 1400 1685
MS[534] 910 606
MS[535] 1568 881
MS[536] 513 789
MS[537] 668 1320
MS[538] 684 1093
MS[539] 512 1319
MS[540] 514 1666
MS[541] 515 679
MS[542] 721 1149
MS[543] 1499 1654
MS[544] 617 899
MS[545] 1718 1440
MS[546] 882 598
MS[547] 591 1005
MS[548] 1181 707
MS[549] 1408 1739
MS[550] 1685 602
MS[551] 1526 915
MS[552] 1565 996
MS[553] 610 576
MS[554] 1492 577
MS[555] 1516 624
MS[556] 556 1498
MS[557] 1246 1574
MS[558] 1464 676
MS[559] 561 1651
MS[560] 765 1575
MS[561] 1226 535
MS[562] 1561 1667
MS[563] 630 1522
MS[564] 1490 1594
MS[565] 645 1544
MS[566] 699 1376
MS[567] 932 561
MS[568] 1533 1142
MS[569] 581 1013
MS[570] 669 907
MS[571] 901 529
MS[572] 1696 1420
MS[573] 1414 651
MS[574] 1729 576
MS[575] 568 623
MS[576] 1621 1383
MS[577] 1172 569
MS[578] 1637 655
MS[579] 703 1044
MS[580] 1381 1570
MS[581] 1622 1072
MS[582] 551 1043
MS[583] 1607 1525
MS[584] 594 708
MS[585] 1681 1458
MS[586] 1319 1651
MS[587] 605 1475
MS[588] 1745 779
MS[589] 554 1012
MS[590] 537 1661
MS[591] 786 631
MS[592] 1085 716
MS[593] 1589 1444
MS[594] 1654 1157
MS[595] 1344 712
MS[596] 1566 933
MS[597] 1542 723
MS[598] 643 766
MS[599] 807 540
MS[600] 1726 1268
MS[601] 1285 529
MS[602] 529 1322
MS[603] 1032 507
MS[604] 1613 1446
MS[605] 1676 1233
MS[606] 1652 754
MS[607] 1552 544
MS[608] 1592 216
MS[609] 1772 841
MS[610] 166 635
MS[611] 1796 580
MS[612] 880 89
MS[613] 23 209
MS[614] 951 368
MS[615] 279 1465
MS[616] 248 502
MS[617] 105 1373
MS[618] 1431 264
MS[619] 1868 361
MS[620] 229 613
MS[621] 461 1574
MS[622] 85 1424
MS[623] 598 415
MS[624] 893 379
MS[625] 632 426
MS[626] 242 161
MS[627] 228 1180
MS[628] 1781 343
MS[629] 233 1105
MS[630] 1921 1246
MS[631] 1817 1245
MS[632] 83 892
MS[633] 224 53
MS[634] 1779 1196
MS[635] 1727 385
MS[636] 1073 396
MS[637] 1798 400
MS[638] 1192 359
MS[639] 245 1171
MS[640] 865 178
MS[641] 99 838
MS[642] 1884 750
MS[643] 394 1467
MS[644] 108 1311
MS[645] 1797 26
MS[646] 285 776
MS[647] 763 439
MS[648] 199 1216
MS[649] 347 925
MS[650] 1833 309
MS[651] 169 410
MS[652] 165 139
MS[653] 1608 395
MS[654] 345 287
MS[655] 718 290
MS[656] 1965 701
MS[657] 463 1591
MS[658] 378 1320
MS[659] 520 280
MS[660] 1924 643
MS[661] 59 1320
MS[662] 1977 1254
MS[663] 1698 245
MS[664] 478 1131
MS[665] 224 424
MS[666] 253 487
MS[667] 1823 515
MS[668] 244 117
MS[669] 1866 900
MS[670] 372 1305
MS[671] 240 963
MS[672] 171 293
MS[673] 109 1203
MS[674] 980 180
MS[675] 1860 1202
MS[676] 1230 356
MS[677] 1834 844
MS[678] 800 200
MS[679] 183 1254
MS[680] 1118 454
MS[681] 1784 1405
MS[682] 1914 1145
MS[683] 633 410
MS[684] 258 671
MS[685] 499 1362
MS[686] 21 1269
MS[687] 185 1420
MS[688] 797 204
MS[689] 1014 65
MS[690] 290 206
MS[691] 1808 191
MS[692] 459 792
MS[693] 1812 809
MS[694] 1791 117
MS[695] 1116 255
MS[696] 207 4
MS[697] 1480 477
MS[698] 360 1245
MS[699] 1789 1352
MS[700] 1112 209
MS[701] 838 209
MS[702] 101 115
MS[703] 1071 231
MS[704] 1868 1172
MS[705] 1813 513
MS[706] 166 539
MS[707] 494 1355
MS[708] 1102 46
MS[709] 1833 402
MS[710] 1720 408
MS[711] 1807 903
MS[712] 26 277
MS[713] 141 58
MS[714] 1903 204
MS[715] 1993 1225
MS[716] 461 923
MS[717] 1831 569
MS[718] 396 589
MS[719] 479 376
MS[720] 855 417
MS[721] 1723 200
MS[722] 268 964
MS[723] 237 1023
MS[724] 1355 311
MS[725] 409 1085
MS[726] 408 366
MS[727] 1829 1077
MS[728] 205 915
MS[729] 465 666
MS[730] 1848 369
MS[731] 1352 416
MS[732] 1655 199
MS[733] 344 1255
MS[734] 1751 1131
MS[735] 1989 276
MS[736] 290 1496
MS[737] 350 426
MS[738] 1363 283
MS[739] 195 728
MS[740] 1827 33
MS[741] 477 1532
MS[742] 1840 195
MS[743] 1146 410
MS[744] 1797 417
MS[745] 1778 269
MS[746] 1894 194
MS[747] 510 294
MS[748] 366 1181
MS[749] 1100 261
MS[750] 1586 393
MS[751] 1754 1344
MS[752] 1794 971
MS[753] 1213 441
MS[754] 263 299
MS[755] 114 157
MS[756] 329 349
MS[757] 1171 340
MS[758] 408 1594
MS[759] 1875 1313
MS[760] 844 354
MS[761] 1175 373
MS[762] 1068 305
MS[763] 546 291
MS[764] 1973 1233
MS[765] 170 1276
MS[766] 1987 197
MS[767] 71 1254
MS[768] 753 212
MS[769] 1452 336
MS[770] 935 454
MS[771] 104 275
MS[772] 244 662
MS[773] 761 441
MS[774] 285 74
MS[775] 917 440
MS[776] 1103 313
MS[777] 225 346
MS[778] 1871 1376
MS[779] 476 1599
MS[780] 1295 456
MS[781] 493 508
MS[782] 1930 898
MS[783] 1428 370
MS[784] 1923 1075
MS[785] 1166 277
MS[786] 142 657
MS[787] 1787 965
MS[788] 489 950
MS[789] 1823 709
MS[790] 1987 265
MS[791] 440 213
MS[792] 1797 492
MS[793] 849 222
MS[794] 208 167
MS[795] 1521 386
MS[796] 1087 392
MS[797] 414 572
MS[798] 1491 288
MS[799] 1639 329
MS[800] 1931 887
MS[801] 804 203
MS[802] 943 199
MS[803] 69 189
MS[804] 432 597
MS[805] 1766 1202
MS[806] 389 1012
MS[807] 451 211
MS[808] 200 1230
MS[809] 283 962
MS[810] 724 481
MS[811] 1804 152
MS[812] 1839 1338
MS[813] 284 557
MS[814] 1670 402
MS[815] 490 1562
MS[816] 470 309
MS[817] 1341 272
MS[818] 246 607
MS[819] 1815 68
MS[820] 360 458
MS[821] 1905 940
MS[822] 1733 484
MS[823] 335 31
MS[824] 275 938
MS[825] 315 661
MS[826] 436 1223
MS[827] 378 1017
MS[828] 1578 326
MS[829] 233 484
MS[830] 1157 114
MS[831] 1446 289
MS[832] 414 388
MS[833] 144 58
MS[834] 235 1487
MS[835] 266 795
MS[836] 81 173
MS[837] 375 677
MS[838] 311 883
MS[839] 733 460
MS[840] 352 36
MS[841] 435 410
MS[842] 1777 698
MS[843] 97 1344
MS[844] 674 473
MS[845] 1929 847
MS[846] 176 169
MS[847] 1567 110
MS[848] 910 175
MS[849] 1968 1316
MS[850] 8 281
MS[851] 339 1277
MS[852] 481 929
MS[853] 336 1304
MS[854] 159 597
MS[855] 466 1341
MS[856] 1566 424
MS[857] 1432 270
MS[858] 14 701
MS[859] 296 1134
MS[860] 249 1218
MS[861] 963 115
MS[862] 1882 819
MS[863] 1925 207
MS[864] 678 354
MS[865] 1911 219
MS[866] 253 787
MS[867] 475 1186
MS[868] 1966 1286
MS[869] 1805 275
MS[870] 877 226
MS[871] 200 1494
MS[872] 1778 40
MS[873] 1875 99
MS[874] 1308 463
MS[875] 1962 248
MS[876] 1913 776
MS[877] 206 349
MS[878] 888 138
MS[879] 1282 323
MS[880] 1297 426
MS[881] 80 1147
MS[882] 331 795
MS[883] 1702 181
MS[884] 224 1187
MS[885] 1803 185
MS[886] 464 427
MS[887] 369 1327
MS[888] 312 1415
MS[889] 142 403
MS[890] 495 1393
MS[891] 493 1534
MS[892] 275 1036
MS[893] 482 168
MS[894] 71 868
MS[895] 1879 813
MS[896] 502 308
MS[897] 1179 189
MS[898] 1825 1026
MS[899] 264 812
MS[900] 196 535
MS[901] 192 1334
MS[902] 785 220
MS[903] 316 879
MS[904] 1785 593
MS[905] 352 774
MS[906] 590 443
MS[907] 1737 427
MS[908] 1821 571
MS[909] 1810 859
MS[910] 936 464
MS[911] 318 1211
MS[912] 443 665
MS[913] 1194 330
MS[914] 136 807
MS[915] 140 809
MS[916] 74 721
MS[917] 472 1578
MS[918] 120 1324
MS[919] 1774 553
MS[920] 1622 146
MS[921] 167 810
MS[922] 124 220
MS[923] 721 468
MS[924] 338 815
MS[925] 255 255
MS[926] 1502 417
MS[927] 198 952
MS[928] 1834 1139
MS[929] 193 306
MS[930] 1797 138
MS[931] 1882 943
MS[932] 1133 191
MS[933] 1762 1424
MS[934] 1762 839
MS[935] 58 1106
MS[936] 422 1003
MS[937] 91 838
MS[938] 448 1516
MS[939] 685 483
MS[940] 463 666
MS[941] 113 289
MS[942] 437 1321
MS[943] 151 773
MS[944] 100 379
MS[945] 263 792
MS[946] 890 337
MS[947] 393 354
MS[948] 142 588
MS[949] 278 1484
MS[950] 1830 1315
MS[951] 1028 106
MS[952] 1882 874
MS[953] 398 377
MS[954] 849 132
MS[955] 1869 1380
MS[956] 238 271
MS[957] 145 61
MS[958] 1402 352
MS[959] 391 1554
MS[960] 135 433
MS[961] 367 103
MS[962] 109 1056
MS[963] 356 277
MS[964] 12 236
MS[965] 1920 589
MS[966] 274 1180
MS[967] 310 354
MS[968] 364 271
MS[969] 246 344
MS[970] 356 329
MS[971] 1797 852
MS[972] 241 602
MS[973] 87 280
MS[974] 1817 1273
MS[975] 1051 114
MS[976] 864 380
MS[977] 1899 322
MS[978] 1147 138
MS[979] 475 231
MS[980] 530 475
MS[981] 1068 222
MS[982] 645 487
MS[983] 457 711
MS[984] 1176 464
MS[985] 1695 267
MS[986] 158 642
MS[987] 844 187
MS[988] 74 648
MS[989] 186 376
MS[990] 506 361
MS[991] 1224 331
MS[992] 224 97
MS[993] 223 109
MS[994] 477 1099
MS[995] 176 814
MS[996] 1821 1407
MS[997] 1683 171
MS[998] 1941 1153
MS[999] 1875 378
MS[1000] 465 1066
MS[1001] 202 302
MS[1002] 8 1226
MS[1003] 1899 354
MS[1004] 1464 345
MS[1005] 1172 463
MS[1006] 1904 945
MS[1007] 160 1417
MS[1008] 1837 1461
MS[1009] 246 1360
MS[1010] 838 304
MS[1011] 1601 144
MS[1012] 672 453
MS[1013] 1910 1255
MS[1014] 1673 222
MS[1015] 203 87
MS[1016] 477 474
MS[1017] 480 1567
MS[1018] 628 354
MS[1019] 353 1283
MS[1020] 533 304
MS[1021] 399 106
MS[1022] 1545 335
MS[1023] 1642 275
MS[1024] 321 1164
MS[1025] 290 392
MS[1026] 73 611
MS[1027] 1523 338
MS[1028] 1107 92
MS[1029] 128 218
MS[1030] 1903 237
MS[1031] 388 229
MS[1032] 1898 604
MS[1033] 198 1288
MS[1034] 122 164
MS[1035] 1732 392
MS[1036] 412 546
MS[1037] 268 1417
MS[1038] 243 594
MS[1039] 230 833
MS[1040] 412 498
MS[1041] 471 1347
MS[1042] 1597 244
MS[1043] 619 274
MS[1044] 322 1144
MS[1045] 120 1289
MS[1046] 1861 780
MS[1047] 470 1359
MS[1048] 1941 1119
MS[1049] 953 58
MS[1050] 272 836
MS[1051] 487 751
MS[1052] 1723 475
MS[1053] 1435 492
MS[1054] 102 325
MS[1055] 186 1111
MS[1056] 1287 367
MS[1057] 1893 1118
MS[1058] 1911 339
MS[1059] 475 862
MS[1060] 1787 273
MS[1061] 1322 266
MS[1062] 350 145
MS[1063] 1441 458
MS[1064] 1937 1189
MS[1065] 1064 124
MS[1066] 1801 340
MS[1067] 481 1124
MS[1068] 957 298
MS[1069] 880 90
MS[1070] 1324 275
MS[1071] 933 122
MS[1072] 1639 142
MS[1073] 839 395
MS[1074] 268 749
MS[1075] 266 241
MS[1076] 1175 235
MS[1077] 1757 1325
MS[1078] 1970 298
MS[1079] 1068 301
MS[1080] 1169 218
MS[1081] 100 751
MS[1082] 309 376
MS[1083] 769 185
MS[1084] 362 1396
MS[1085] 372 1388
MS[1086] 1849 895
MS[1087] 468 575
MS[1088] 1890 947
MS[1089] 229 1084
MS[1090] 1458 422
MS[1091] 835 325
MS[1092] 670 307
MS[1093] 125 94
MS[1094] 1820 231
MS[1095] 1540 465
MS[1096] 216 530
MS[1097] 500 458
MS[1098] 1656 418
MS[1099] 203 633
MS[1100] 379 1170
MS[1101] 29 1281
MS[1102] 1004 381
MS[1103] 1757 1239
MS[1104] 646 331
MS[1105] 280 29
MS[1106] 188 528
MS[1107] 1561 430
MS[1108] 1733 66
MS[1109] 1873 1284
MS[1110] 994 158
MS[1111] 1143 375
MS[1112] 96 432
MS[1113] 761 362
MS[1114] 299 880
MS[1115] 1561 117
MS[1116] 1056 369
MS[1117] 362 1099
MS[1118] 732 301
MS[1119] 1430 336
MS[1120] 714 394
MS[1121] 176 1064
MS[1122] 1055 60
MS[1123] 55 192
MS[1124] 1459 273
MS[1125] 135 536
MS[1126] 1832 263
MS[1127] 1100 95
MS[1128] 1693 167
MS[1129] 438 788
MS[1130] 107 1114
MS[1131] 252 16
MS[1132] 387 923
MS[1133] 706 394
MS[1134] 227 965
MS[1135] 1446 420
MS[1136] 167 683
MS[1137] 1558 465
MS[1138] 1406 258
MS[1139] 321 892
MS[1140] 82 260
MS[1141] 452 1262
MS[1142] 111 1262
MS[1143] 152 446
MS[1144] 424 1448
MS[1145] 1006 179
MS[1146] 108 221
MS[1147] 172 665
MS[1148] 536 322
MS[1149] 1387 347
MS[1150] 1978 819
MS[1151] 1067 307
MS[1152] 410 1407
MS[1153] 568 498
MS[1154] 144 1226
MS[1155] 1794 948
MS[1156] 206 770
MS[1157] 430 917
MS[1158] 482 1013
MS[1159] 951 395
MS[1160] 1863 1318
MS[1161] 394 189
MS[1162] 350 176
MS[1163] 278 442
MS[1164] 251 1198
MS[1165] 273 200
MS[1166] 440 606
MS[1167] 1120 135
MS[1168] 251 799
MS[1169] 48 642
MS[1170] 1958 251
MS[1171] 20 1316
MS[1172] 1793 1341
MS[1173] 1684 377
MS[1174] 473 1130
MS[1175] 1872 823
MS[1176] 5 731
MS[1177] 176 895
MS[1178] 332 1204
MS[1179] 368 1339
MS[1180] 1098 137
MS[1181] 396 85
MS[1182] 1802 1483
MS[1183] 657 389
MS[1184] 448 154
MS[1185] 1002 335
MS[1186] 278 1470
MS[1187] 1908 398
MS[1188] 286 294
MS[1189] 764 174
MS[1190] 1805 1056
MS[1191] 1710 44
MS[1192] 1731 110
MS[1193] 1874 102
MS[1194] 573 486
MS[1195] 898 401
MS[1196] 729 288
MS[1197] 219 1405
MS[1198] 208 612
MS[1199] 342 859
MS[1200] 1769 372
MS[1201] 1861 771
MS[1202] 1370 309
MS[1203] 1439 313
MS[1204] 119 51
MS[1205] 151 895
MS[1206] 1218 370
MS[1207] 1371 319
MS[1208] 133 1315
MS[1209] 209 642
MS[1210] 965 232
MS[1211] 410 1314
MS[1212] 394 959
MS[1213] 1783 1115
MS[1214] 919 21
MS[1215] 253 31
MS[1216] 292 242
MS[1217] 209 1024
MS[1218] 1202 454
MS[1219] 1830 1291
MS[1220] 454 1413
MS[1221] 93 242
MS[1222] 1756 442
MS[1223] 159 926
MS[1224] 815 245
MS[1225] 206 1064
MS[1226] 680 400
MS[1227] 1862 181
MS[1228] 378 1421
MS[1229] 164 1440
MS[1230] 200 895
MS[1231] 1849 1085
MS[1232] 42 138
MS[1233] 1591 292
MS[1234] 209 1033
MS[1235] 1743 177
MS[1236] 90 1246
MS[1237] 1769 30
MS[1238] 704 365
MS[1239] 132 1411
MS[1240] 455 1408
MS[1241] 1820 1307
MS[1242] 795 141
MS[1243] 1614 332
MS[1244] 1789 971
MS[1245] 1906 1141
MS[1246] 292 63
MS[1247] 321 1034
MS[1248] 276 525
MS[1249] 282 929
MS[1250] 383 1158
MS[1251] 1011 138
MS[1252] 130 1033
MS[1253] 962 390
MS[1254] 957 317
MS[1255] 1135 477
MS[1256] 337 974
MS[1257] 1789 1107
MS[1258] 109 1432
MS[1259] 1803 1306
MS[1260] 1424 465
MS[1261] 177 1375
MS[1262] 184 1365
MS[1263] 1916 89
MS[1264] 192 228
MS[1265] 1873 799
MS[1266] 826 331
MS[1267] 475 434
MS[1268] 534 393
MS[1269] 77 1359
MS[1270] 873 253
MS[1271] 101 408
MS[1272] 1707 6
MS[1273] 897 387
MS[1274] 657 283
MS[1275] 1973 665
MS[1276] 261 941
MS[1277] 767 288
MS[1278] 1466 280
MS[1279] 403 814
MS[1280] 1968 1294
MS[1281] 334 896
MS[1282] 257 578
MS[1283] 1930 665
MS[1284] 227 472
MS[1285] 163 1252
MS[1286] 357 1137
MS[1287] 207 624
MS[1288] 922 218
MS[1289] 1792 1186
MS[1290] 1903 226
MS[1291] 1325 339
MS[1292] 1518 163
MS[1293] 614 453
MS[1294] 1722 170
MS[1295] 1963 806
MS[1296] 1222 423
MS[1297] 316 1384
MS[1298] 134 603
MS[1299] 310 288
MS[1300] 478 1223
MS[1301] 458 589
MS[1302] 149 428
MS[1303] 26 1263
MS[1304] 1866 694
MS[1305] 112 315
MS[1306] 184 149
MS[1307] 1800 1063
MS[1308] 795 424
MS[1309] 185 1376
MS[1310] 1920 1302
MS[1311] 1842 141
MS[1312] 312 373
MS[1313] 950 139
MS[1314] 1767 211
MS[1315] 1785 391
MS[1316] 300 725
MS[1317] 660 469
MS[1318] 1861 1193
MS[1319] 437 367
MS[1320] 1179 354
MS[1321] 327 1467
MS[1322] 880 188
MS[1323] 1860 752
MS[1324] 1825 640
MS[1325] 497 1242
MS[1326] 315 319
MS[1327] 1501 316
MS[1328] 449 1333
MS[1329] 1084 427
MS[1330] 973 275
MS[1331] 388 1322
MS[1332] 1809 1236
MS[1333] 1637 295
MS[1334] 1792 206
MS[1335] 37 797
MS[1336] 1823 950
MS[1337] 153 1175
MS[1338] 1656 319
MS[1339] 1511 360
MS[1340] 326 730
MS[1341] 367 1145
MS[1342] 1656 338
MS[1343] 1779 1442
MS[1344] 1221 275
MS[1345] 347 779
MS[1346] 1829 1174
MS[1347] 172 466
MS[1348] 568 370
MS[1349] 91 1203
MS[1350] 937 81
MS[1351] 1928 1190
MS[1352] 1956 1302
MS[1353] 1336 490
MS[1354] 487 1204
MS[1355] 623 425
MS[1356] 133 1342
MS[1357] 245 464
MS[1358] 1368 439
MS[1359] 1247 390
MS[1360] 428 1090
MS[1361] 1768 700
MS[1362] 848 275
MS[1363] 1711 311
MS[1364] 76 723
MS[1365] 278 973
MS[1366] 1817 1351
MS[1367] 374 1061
MS[1368] 1012 284
MS[1369] 190 936
MS[1370] 182 328
MS[1371] 1747 368
MS[1372] 357 894
MS[1373] 1676 238
MS[1374] 1906 897
MS[1375] 496 719
MS[1376] 143 428
MS[1377] 410 862
MS[1378] 1106 290
MS[1379] 217 539
MS[1380] 74 130
MS[1381] 1841 972
MS[1382] 482 338
MS[1383] 1616 371
MS[1384] 571 470
MS[1385] 416 237
MS[1386] 285 1383
MS[1387] 104 448
MS[1388] 427 917
MS[1389] 1531 352
MS[1390] 284 1180
MS[1391] 1349 287
MS[1392] 563 468
MS[1393] 1990 718
MS[1394] 1641 431
MS[1395] 233 1417
MS[1396] 1978 1297
MS[1397] 1818 657
MS[1398] 306 1310
MS[1399] 167 1214
MS[1400] 1982 288
MS[1401] 1512 456
MS[1402] 1820 574
MS[1403] 1761 1470
MS[1404] 1555 331
MS[1405] 117 1230
MS[1406] 1768 1039
MS[1407] 1712 311
MS[1408] 965 103
MS[1409] 1084 85
MS[1410] 1107 72
MS[1411] 495 1712
MS[1412] 1836 261
MS[1413] 1770 1234
MS[1414] 1796 184
MS[1415] 444 1424
MS[1416] 181 698
MS[1417] 1027 167
MS[1418] 1867 1304
MS[1419] 225 561
MS[1420] 1915 1115
MS[1421] 70 1343
MS[1422] 153 1052
MS[1423] 1759 743
MS[1424] 1789 768
MS[1425] 1523 414
MS[1426] 204 663
MS[1427] 343 660
MS[1428] 238 698
MS[1429] 44 719
MS[1430] 1078 476
MS[1431] 208 664
MS[1432] 455 684
MS[1433] 494 329
MS[1434] 1837 1328
MS[1435] 1770 862
MS[1436] 252 95
MS[1437] 159 1095
MS[1438] 158 161
MS[1439] 1039 82
MS[1440] 340 1412
MS[1441] 178 177
MS[1442] 1950 607
MS[1443] 466 266
MS[1444] 1826 1031
MS[1445] 253 566
MS[1446] 265 179
MS[1447] 115 658
MS[1448] 1093 444
MS[1449] 1481 353
MS[1450] 1961 307
MS[1451] 257 877
MS[1452] 1632 446
MS[1453] 154 72
MS[1454] 499 1328
MS[1455] 690 405
MS[1456] 1759 846
MS[1457] 201 69
MS[1458] 340 1206
MS[1459] 168 1041
MS[1460] 365 768
MS[1461] 815 140
MS[1462] 1777 1154
MS[1463] 463 404
MS[1464] 1929 1227
MS[1465] 1792 869
MS[1466] 1962 1175
MS[1467] 1699 235
MS[1468] 1430 302
MS[1469] 1128 330
MS[1470] 947 151
MS[1471] 1008 228
MS[1472] 1308 389
MS[1473] 1975 185
MS[1474] 249 267
MS[1475] 1844 461
MS[1476] 1630 227
MS[1477] 1101 41
MS[1478] 1164 222
MS[1479] 153 427
MS[1480] 762 467
MS[1481] 640 451
MS[1482] 1927 1257
MS[1483] 1051 286
MS[1484] 492 837
MS[1485] 339 1121
MS[1486] 1909 785
MS[1487] 419 960
MS[1488] 1396 432
MS[1489] 83 651
MS[1490] 1043 155
MS[1491] 778 183
MS[1492] 403 1430
MS[1493] 204 962
MS[1494] 1833 230
MS[1495] 343 1425
MS[1496] 1744 263
MS[1497] 194 122
MS[1498] 215 134
MS[1499] 389 1563
MS[1500] 286 938
MS[1501] 1937 313
MS[1502] 1782 1244
MS[1503] 397 361
MS[1504] 1605 146
MS[1505] 434 998
MS[1506] 1811 1351
MS[1507] 1654 95
MS[1508] 125 429
MS[1509] 738 314
MS[1510] 960 97
MS[1511] 419 1473
MS[1512] 1817 1446
MS[1513] 1917 600
MS[1514] 257 419
MS[1515] 35 1186
MS[1516] 277 285
MS[1517] 69 687
MS[1518] 817 174
MS[1519] 1966 355
MS[1520] 1047 416
MS[1521] 1144 300
MS[1522] 1184 468
MS[1523] 305 83
MS[1524] 124 767
MS[1525] 929 335
MS[1526] 1420 391
MS[1527] 321 149
MS[1528] 114 1152
MS[1529] 1845 336
MS[1530] 1888 365
MS[1531] 266 316
MS[1532] 288 1166
MS[1533] 489 833
MS[1534] 1752 128
MS[1535] 1412 266
MS[1536] 1623 456
MS[1537] 339 246
MS[1538] 945 136
MS[1539] 31 338


 BS[0]=250,250 
 BS[1]=1000,250 
 BS[2]=1750,250 
 BS[3]=625,500 
 BS[4]=1375,500 
 BS[5]=250,750 
 BS[6]=1000,750 
 BS[7]=1750,750 
 BS[8]=625,1000 
 BS[9]=1375,1000 
 BS[10]=250,1250 
 BS[11]=1000,1250 
 BS[12]=1750,1250 
 BS[13]=625,1500 
 BS[14]=1375,1500 
 BS[15]=1690,202 
 BS[16]=1409,802 
 BS[17]=540,1515 
 BS[18]=1202,1158 
 BS[19]=1826,1025 
 BS[20]=291,710 
 BS[21]=1204,830 
 BS[22]=1718,484 
 BS[23]=1290,1161 
 BS[24]=1634,549 
 BS[25]=1571,1177 
 BS[26]=16,708 
 BS[27]=1448,1188 
 BS[28]=534,1496 
 BS[29]=1678,163 
 BS[30]=1081,524 
 BS[31]=924,876 
 BS[32]=1730,771 
 BS[33]=344,200 
