#BS38MS684BP0
MS[0] 27 103
MS[1] 129 46
MS[2] 83 39
MS[3] 113 52
MS[4] 107 48
MS[5] 137 29
MS[6] 60 31
MS[7] 45 43
MS[8] 66 124
MS[9] 49 98
MS[10] 72 34
MS[11] 137 35
MS[12] 44 4
MS[13] 53 76
MS[14] 67 69
MS[15] 59 113
MS[16] 39 25
MS[17] 107 108
MS[18] 70 116
MS[19] 6 57
MS[20] 140 93
MS[21] 12 57
MS[22] 57 42
MS[23] 147 96
MS[24] 129 94
MS[25] 100 32
MS[26] 20 69
MS[27] 101 102
MS[28] 117 63
MS[29] 65 6
MS[30] 140 74
MS[31] 17 60
MS[32] 41 75
MS[33] 19 89
MS[34] 44 62
MS[35] 32 56
MS[36] 71 78
MS[37] 24 74
MS[38] 12 27
MS[39] 9 84
MS[40] 96 12
MS[41] 88 63
MS[42] 127 55
MS[43] 79 73
MS[44] 12 108
MS[45] 11 96
MS[46] 66 84
MS[47] 12 95
MS[48] 71 22
MS[49] 145 97
MS[50] 79 122
MS[51] 3 51
MS[52] 142 35
MS[53] 92 71
MS[54] 108 59
MS[55] 72 22
MS[56] 69 117
MS[57] 72 88
MS[58] 70 119
MS[59] 53 65
MS[60] 118 35
MS[61] 90 121
MS[62] 138 82
MS[63] 58 81
MS[64] 55 16
MS[65] 140 30
MS[66] 90 59
MS[67] 67 58
MS[68] 97 39
MS[69] 78 25
MS[70] 22 94
MS[71] 32 72
MS[72] 86 103
MS[73] 41 41
MS[74] 70 10
MS[75] 76 10
MS[76] 33 65
MS[77] 144 92
MS[78] 10 90
MS[79] 34 101
MS[80] 140 41
MS[81] 76 65
MS[82] 136 38
MS[83] 61 70
MS[84] 23 54
MS[85] 82 53
MS[86] 57 56
MS[87] 70 91
MS[88] 52 50
MS[89] 39 15
MS[90] 121 52
MS[91] 13 46
MS[92] 107 104
MS[93] 121 3
MS[94] 125 54
MS[95] 56 119
MS[96] 86 15
MS[97] 78 59
MS[98] 31 102
MS[99] 108 106
MS[100] 89 121
MS[101] 73 48
MS[102] 7 96
MS[103] 143 58
MS[104] 26 87
MS[105] 131 49
MS[106] 90 9
MS[107] 103 48
MS[108] 30 92
MS[109] 1 71
MS[110] 76 54
MS[111] 40 15
MS[112] 77 49
MS[113] 97 66
MS[114] 97 48
MS[115] 106 66
MS[116] 115 72
MS[117] 51 121
MS[118] 23 81
MS[119] 50 38
MS[120] 80 118
MS[121] 89 120
MS[122] 111 45
MS[123] 88 93
MS[124] 122 42
MS[125] 60 47
MS[126] 50 110
MS[127] 4 92
MS[128] 12 45
MS[129] 85 37
MS[130] 60 67
MS[131] 62 111
MS[132] 104 31
MS[133] 2 31
MS[134] 76 124
MS[135] 38 35
MS[136] 47 45
MS[137] 39 99
MS[138] 62 48
MS[139] 46 73
MS[140] 100 1
MS[141] 105 102
MS[142] 99 92
MS[143] 118 51
MS[144] 138 21
MS[145] 53 88
MS[146] 22 60
MS[147] 92 9
MS[148] 143 70
MS[149] 138 20
MS[150] 89 46
MS[151] 40 70
MS[152] 131 82
MS[153] 60 10
MS[154] 60 101
MS[155] 76 33
MS[156] 25 70
MS[157] 5 48
MS[158] 68 51
MS[159] 60 122
MS[160] 42 26
MS[161] 91 39
MS[162] 8 54
MS[163] 6 51
MS[164] 67 63
MS[165] 35 90
MS[166] 42 95
MS[167] 84 12
MS[168] 2 39
MS[169] 59 62
MS[170] 64 25
MS[171] 48 112
MS[172] 83 99
MS[173] 58 122
MS[174] 98 27
MS[175] 128 18
MS[176] 37 32
MS[177] 32 76
MS[178] 127 80
MS[179] 90 70
MS[180] 87 75
MS[181] 19 48
MS[182] 47 19
MS[183] 16 77
MS[184] 39 46
MS[185] 79 55
MS[186] 75 76
MS[187] 78 48
MS[188] 66 12
MS[189] 26 43
MS[190] 92 116
MS[191] 41 34
MS[192] 106 9
MS[193] 124 61
MS[194] 60 82
MS[195] 111 6
MS[196] 82 42
MS[197] 55 65
MS[198] 94 49
MS[199] 31 110
MS[200] 63 89
MS[201] 68 36
MS[202] 95 50
MS[203] 2 59
MS[204] 10 26
MS[205] 40 95
MS[206] 0 87
MS[207] 63 68
MS[208] 89 92
MS[209] 58 55
MS[210] 31 85
MS[211] 121 1
MS[212] 50 118
MS[213] 103 52
MS[214] 27 92
MS[215] 91 30
MS[216] 120 77
MS[217] 141 63
MS[218] 60 53
MS[219] 141 100
MS[220] 148 43
MS[221] 89 113
MS[222] 55 71
MS[223] 6 48
MS[224] 43 29
MS[225] 49 93
MS[226] 147 54
MS[227] 47 24
MS[228] 107 18
MS[229] 118 0
MS[230] 133 28
MS[231] 53 124
MS[232] 31 103
MS[233] 51 24
MS[234] 65 108
MS[235] 138 108
MS[236] 138 89
MS[237] 103 37
MS[238] 144 53
MS[239] 42 71
MS[240] 113 62
MS[241] 91 26
MS[242] 25 24
MS[243] 129 42
MS[244] 144 98
MS[245] 73 98
MS[246] 123 77
MS[247] 89 90
MS[248] 35 77
MS[249] 17 54
MS[250] 113 63
MS[251] 9 77
MS[252] 105 103
MS[253] 50 68
MS[254] 16 23
MS[255] 119 9
MS[256] 33 80
MS[257] 36 79
MS[258] 27 54
MS[259] 46 26
MS[260] 78 113
MS[261] 95 34
MS[262] 67 47
MS[263] 4 83
MS[264] 70 25
MS[265] 54 85
MS[266] 41 12
MS[267] 3 87
MS[268] 85 41
MS[269] 17 39
MS[270] 2 57
MS[271] 31 69
MS[272] 54 77
MS[273] 113 48
MS[274] 1 35
MS[275] 26 71
MS[276] 68 116
MS[277] 72 55
MS[278] 60 89
MS[279] 79 20
MS[280] 10 25
MS[281] 73 15
MS[282] 20 54
MS[283] 68 47
MS[284] 19 75
MS[285] 14 79
MS[286] 15 52
MS[287] 62 29
MS[288] 78 37
MS[289] 88 116
MS[290] 10 36
MS[291] 39 26
MS[292] 77 58
MS[293] 101 11
MS[294] 73 101
MS[295] 27 45
MS[296] 27 89
MS[297] 75 7
MS[298] 40 91
MS[299] 86 70
MS[300] 139 87
MS[301] 12 28
MS[302] 73 20
MS[303] 128 50
MS[304] 28 59
MS[305] 124 24
MS[306] 26 66
MS[307] 88 9
MS[308] 127 70
MS[309] 29 61
MS[310] 93 27
MS[311] 26 105
MS[312] 145 82
MS[313] 138 25
MS[314] 133 16
MS[315] 84 9
MS[316] 92 110
MS[317] 75 110
MS[318] 125 15
MS[319] 101 27
MS[320] 42 41
MS[321] 66 68
MS[322] 48 23
MS[323] 88 95
MS[324] 144 107
MS[325] 149 86
MS[326] 47 95
MS[327] 142 32
MS[328] 106 93
MS[329] 74 121
MS[330] 51 18
MS[331] 64 117
MS[332] 140 76
MS[333] 138 100
MS[334] 143 40
MS[335] 37 15
MS[336] 12 60
MS[337] 18 101
MS[338] 56 125
MS[339] 44 80
MS[340] 39 20
MS[341] 103 91
MS[342] 85 3
MS[343] 133 41
MS[344] 81 53
MS[345] 137 103
MS[346] 1 78
MS[347] 123 6
MS[348] 71 64
MS[349] 76 32
MS[350] 45 63
MS[351] 87 4
MS[352] 18 46
MS[353] 74 15
MS[354] 88 65
MS[355] 120 29
MS[356] 100 29
MS[357] 131 101
MS[358] 107 105
MS[359] 71 86
MS[360] 0 102
MS[361] 22 115
MS[362] 92 93
MS[363] 11 25
MS[364] 128 85
MS[365] 92 66
MS[366] 52 9
MS[367] 17 84
MS[368] 143 27
MS[369] 91 3
MS[370] 108 12
MS[371] 89 123
MS[372] 127 6
MS[373] 106 69
MS[374] 46 58
MS[375] 98 44
MS[376] 132 39
MS[377] 81 50
MS[378] 71 74
MS[379] 129 12
MS[380] 76 68
MS[381] 112 60
MS[382] 60 68
MS[383] 88 109
MS[384] 99 94
MS[385] 48 47
MS[386] 55 48
MS[387] 92 89
MS[388] 76 123
MS[389] 47 57
MS[390] 61 26
MS[391] 46 39
MS[392] 146 61
MS[393] 99 56
MS[394] 52 68
MS[395] 4 32
MS[396] 92 45
MS[397] 14 41
MS[398] 85 63
MS[399] 119 56
MS[400] 4 48
MS[401] 13 97
MS[402] 73 117
MS[403] 43 98
MS[404] 146 51
MS[405] 84 54
MS[406] 35 68
MS[407] 15 109
MS[408] 19 100
MS[409] 74 23
MS[410] 89 95
MS[411] 86 74
MS[412] 41 32
MS[413] 22 89
MS[414] 141 69
MS[415] 44 26
MS[416] 56 3
MS[417] 5 74
MS[418] 133 82
MS[419] 6 61
MS[420] 109 99
MS[421] 38 27
MS[422] 122 29
MS[423] 57 66
MS[424] 41 57
MS[425] 33 96
MS[426] 95 53
MS[427] 78 0
MS[428] 79 113
MS[429] 47 78
MS[430] 70 59
MS[431] 49 16
MS[432] 112 4
MS[433] 55 116
MS[434] 1 53
MS[435] 95 58
MS[436] 11 23
MS[437] 111 55
MS[438] 41 40
MS[439] 70 88
MS[440] 146 65
MS[441] 45 97
MS[442] 81 105
MS[443] 109 21
MS[444] 48 119
MS[445] 93 111
MS[446] 142 54
MS[447] 16 86
MS[448] 146 87
MS[449] 137 101
MS[450] 86 120
MS[451] 73 89
MS[452] 68 93
MS[453] 71 99
MS[454] 70 92
MS[455] 64 90
MS[456] 68 90
MS[457] 62 89
MS[458] 126 63
MS[459] 123 62
MS[460] 129 63
MS[461] 119 68
MS[462] 130 68
MS[463] 125 74
MS[464] 130 65
MS[465] 22 51
MS[466] 29 59
MS[467] 29 57
MS[468] 31 55
MS[469] 26 58
MS[470] 23 53
MS[471] 25 47
MS[472] 99 27
MS[473] 103 34
MS[474] 99 28
MS[475] 98 32
MS[476] 103 30
MS[477] 103 29
MS[478] 101 35
MS[479] 65 19
MS[480] 77 101
MS[481] 149 82
MS[482] 49 34
MS[483] 1 75
MS[484] 45 13
MS[485] 99 102
MS[486] 8 47
MS[487] 25 71
MS[488] 17 70
MS[489] 10 99
MS[490] 1 92
MS[491] 54 0
MS[492] 76 5
MS[493] 87 77
MS[494] 127 27
MS[495] 44 76
MS[496] 43 55
MS[497] 5 67
MS[498] 77 14
MS[499] 111 69
MS[500] 139 83
MS[501] 130 43
MS[502] 77 86
MS[503] 95 55
MS[504] 92 32
MS[505] 63 11
MS[506] 4 107
MS[507] 139 36
MS[508] 21 102
MS[509] 81 116
MS[510] 8 23
MS[511] 51 42
MS[512] 106 56
MS[513] 123 95
MS[514] 144 82
MS[515] 137 102
MS[516] 2 72
MS[517] 21 84
MS[518] 39 29
MS[519] 63 107
MS[520] 53 101
MS[521] 40 41
MS[522] 64 91
MS[523] 58 118
MS[524] 52 53
MS[525] 45 37
MS[526] 77 53
MS[527] 86 45
MS[528] 54 117
MS[529] 3 34
MS[530] 110 15
MS[531] 71 92
MS[532] 51 37
MS[533] 3 57
MS[534] 74 100
MS[535] 95 2
MS[536] 55 114
MS[537] 42 64
MS[538] 131 45
MS[539] 112 0
MS[540] 145 55
MS[541] 123 29
MS[542] 77 15
MS[543] 72 14
MS[544] 82 69
MS[545] 34 69
MS[546] 128 43
MS[547] 83 20
MS[548] 118 9
MS[549] 62 113
MS[550] 16 57
MS[551] 21 65
MS[552] 106 111
MS[553] 47 28
MS[554] 68 87
MS[555] 19 36
MS[556] 19 60
MS[557] 143 87
MS[558] 19 63
MS[559] 129 105
MS[560] 72 110
MS[561] 23 109
MS[562] 66 2
MS[563] 141 83
MS[564] 61 92
MS[565] 102 107
MS[566] 82 122
MS[567] 20 61
MS[568] 129 77
MS[569] 62 52
MS[570] 89 25
MS[571] 67 74
MS[572] 21 108
MS[573] 144 96
MS[574] 119 61
MS[575] 1 33
MS[576] 34 80
MS[577] 11 57
MS[578] 36 20
MS[579] 22 46
MS[580] 117 56
MS[581] 43 13
MS[582] 123 38
MS[583] 97 9
MS[584] 135 57
MS[585] 24 51
MS[586] 94 52
MS[587] 82 125
MS[588] 22 62
MS[589] 10 50
MS[590] 64 126
MS[591] 32 110
MS[592] 118 56
MS[593] 46 112
MS[594] 62 57
MS[595] 13 107
MS[596] 68 52
MS[597] 137 68
MS[598] 106 65
MS[599] 78 70
MS[600] 34 107
MS[601] 49 41
MS[602] 55 107
MS[603] 107 68
MS[604] 64 22
MS[605] 4 38
MS[606] 128 42
MS[607] 53 127
MS[608] 136 24
MS[609] 132 88
MS[610] 117 26
MS[611] 133 43
MS[612] 143 100
MS[613] 65 41
MS[614] 52 116
MS[615] 110 56
MS[616] 5 46
MS[617] 89 91
MS[618] 116 22
MS[619] 122 72
MS[620] 62 38
MS[621] 28 90
MS[622] 15 106
MS[623] 101 10
MS[624] 90 62
MS[625] 108 9
MS[626] 131 99
MS[627] 2 97
MS[628] 20 35
MS[629] 67 91
MS[630] 131 95
MS[631] 31 104
MS[632] 59 46
MS[633] 106 70
MS[634] 80 32
MS[635] 120 48
MS[636] 57 11
MS[637] 132 106
MS[638] 117 49
MS[639] 99 99
MS[640] 105 53
MS[641] 78 119
MS[642] 21 87
MS[643] 48 115
MS[644] 69 78
MS[645] 95 28
MS[646] 141 77
MS[647] 17 85
MS[648] 6 63
MS[649] 19 98
MS[650] 80 40
MS[651] 35 21
MS[652] 42 6
MS[653] 47 13
MS[654] 136 45
MS[655] 93 29
MS[656] 14 68
MS[657] 73 46
MS[658] 85 79
MS[659] 11 105
MS[660] 92 30
MS[661] 123 43
MS[662] 126 39
MS[663] 139 23
MS[664] 120 47
MS[665] 56 47
MS[666] 108 97
MS[667] 92 52
MS[668] 127 48
MS[669] 126 100
MS[670] 31 68
MS[671] 12 20
MS[672] 47 16
MS[673] 65 103
MS[674] 9 96
MS[675] 30 94
MS[676] 93 25
MS[677] 74 123
MS[678] 73 16
MS[679] 97 105
MS[680] 30 75
MS[681] 80 110
MS[682] 48 22
MS[683] 132 47


"Macro-0" 23 101 15 21
"Macro-1" 11 94 15 21
"Macro-2" 5 80 15 21
"Macro-3" 14 52 15 21
"Macro-4" 13 33 15 21
"Macro-5" 25 78 15 21
"Macro-6" 41 65 15 21
"Macro-7" 46 86 15 21
"Macro-8" 48 25 15 21
"Macro-9" 52 49 15 21
"Macro-10" 54 15 15 21
"Macro-11" 60 114 15 21
"Macro-12" 64 79 15 21
"Macro-13" 73 45 15 21
"Macro-14" 75 11 15 21
"Macro-15" 80 111 15 21
"Macro-16" 79 68 15 21
"Macro-17" 94 39 15 21
"Macro-18" 96 103 15 21
"Macro-19" 103 3 15 21
"Macro-20" 108 56 15 21
"Macro-21" 120 12 15 21
"Macro-22" 127 68 15 21
"Macro-23" 129 31 15 21
"Macro-24" 137 95 15 21
"Macro-25" 140 48 15 21
"Macro-26" 146 81 15 21
"Macro-27" 146 64 15 21


"Femto-0" 27 53 1 6
"Femto-1" 29 74 1 6
"Femto-2" 59 48 1 6
"Femto-3" 70 93 1 6
"Femto-4" 66 35 1 6
"Femto-5" 78 83 1 6
"Femto-6" 79 56 1 6
"Femto-7" 105 29 1 6
"Femto-8" 106 77 1 6
"Femto-9" 125 68 1 6


plot "coordinates.txt" index 1:1 using 2:3 title "Macros" with points, "coordinates.txt" index 2:2 using 2:3 title "Femtos" with points, "coordinates.txt" index 1:1 using 2:3:4 title "Macros" with circles, "coordinates.txt" index 2:2 using 2:3:4 title "Femtos" with circles, "coordinates.txt" index 0:0 using 2:3 title "UEs" with points